,aligner,depth,tp,fp,fn,precision,recall,f1,level,site,spearman,pearson,jaccard,depth_log10
0,BURST 95,1012,901,15,96,0.9836244541484717,0.9037111334002006,0.9436677937743361,species,stool,0.9713003989737479,0.9201566214657433,0.25,3.0
1,BURST 95,1012,919,2,91,0.997828447339848,0.9099009900990099,0.9538647187194289,species,oral,0.9464227862925474,0.7998213427703623,0.35,3.0
2,BURST 95,1012,1002,1,9,0.9990029910269193,0.9910979228486647,0.995050456937792,species,skin,0.6419369220536172,0.6812637513348847,0.07,3.0
3,BURST 95,1012,894,9,109,0.9900332225913622,0.8913260219341974,0.9406796222627798,species,stool,0.9333945822880733,0.8666726270326343,0.22,3.0
4,BURST 95,1012,929,5,78,0.9946466809421841,0.9225422045680238,0.958594442755104,species,oral,0.938274108272443,0.8252103715398256,0.38,3.0
5,BURST 95,1012,912,1,99,0.9989047097480832,0.9020771513353115,0.9504909305416973,species,skin,0.4722953014234369,0.6636236226642154,0.06,3.0
6,BURST 95,1012,909,17,86,0.9816414686825053,0.91356783919598,0.9476046539392426,species,stool,0.9703892833586982,0.9236220229479516,0.23,3.0
7,BURST 95,1012,961,2,49,0.9979231568016614,0.9514851485148514,0.9747041526582565,species,oral,0.9308746459550707,0.8511002309849891,0.43,3.0
8,BURST 95,1012,950,2,60,0.9978991596638656,0.9405940594059405,0.969246609534903,species,skin,0.6785227270516957,0.6849963972182839,0.07,3.0
9,BURST 95,1012,953,14,45,0.9855222337125129,0.9549098196392786,0.9702160266758957,species,stool,0.9459081229384303,0.8901629732144992,0.24,3.0
10,BURST 95,1012,921,0,91,1.0,0.9100790513833992,0.9550395256916996,species,oral,0.9322163527732887,0.8134806767633035,0.4,3.0
11,BURST 95,1012,965,4,43,0.9958720330237358,0.9573412698412699,0.9766066514325029,species,skin,0.5896932007816544,0.6794403101127708,0.06,3.0
12,BURST 95,1012,926,10,76,0.9893162393162394,0.9241516966067864,0.9567339679615129,species,stool,0.9449905143487233,0.9106162653938424,0.26,3.0
13,BURST 95,1012,987,2,23,0.9979777553083923,0.9772277227722772,0.9876027390403348,species,oral,0.9420997549528766,0.8313975470593521,0.44,3.0
14,BURST 95,1012,925,0,87,1.0,0.9140316205533597,0.9570158102766799,species,skin,0.5446413696111808,0.6631608617052203,0.06,3.0
15,BURST 98,1012,488,6,518,0.9878542510121457,0.4850894632206759,0.7364718571164108,species,stool,0.8980604639834981,0.8279544496086998,0.17,3.0
16,BURST 98,1012,484,5,523,0.9897750511247444,0.48063555114200596,0.7352053011333752,species,oral,0.9007752850257046,0.7472466590770254,0.21,3.0
17,BURST 98,1012,510,1,501,0.9980430528375733,0.5044510385756676,0.7512470457066205,species,skin,0.5473744576235893,0.6569859904039362,0.04,3.0
18,BURST 98,1012,465,12,535,0.9748427672955975,0.465,0.7199213836477988,species,stool,0.956968331003216,0.894623027242902,0.18,3.0
19,BURST 98,1012,492,2,518,0.9959514170040485,0.4871287128712871,0.7415400649376678,species,oral,0.9077259674531302,0.7981391925851825,0.22,3.0
20,BURST 98,1012,479,3,530,0.9937759336099585,0.47472745292368684,0.7342516932668227,species,skin,0.5179196437706826,0.6154042083238584,0.04,3.0
21,BURST 98,1012,530,5,477,0.9906542056074766,0.5263157894736842,0.7584849975405804,species,stool,0.9250280489971728,0.8564137375842815,0.17,3.0
22,BURST 98,1012,516,1,495,0.9980657640232108,0.5103857566765578,0.7542257603498843,species,oral,0.9290885609980457,0.8217422705034008,0.27,3.0
23,BURST 98,1012,502,0,510,1.0,0.49604743083003955,0.7480237154150198,species,skin,0.5611239927013979,0.6606069455716872,0.04,3.0
24,BURST 98,1012,497,11,504,0.9783464566929134,0.4965034965034965,0.7374249765982049,species,stool,0.8818220617271189,0.8229421330022102,0.15,3.0
25,BURST 98,1012,492,2,518,0.9959514170040485,0.4871287128712871,0.7415400649376678,species,oral,0.8962858605092625,0.7494199324102864,0.24,3.0
26,BURST 98,1012,506,0,506,1.0,0.5,0.75,species,skin,0.5210060364848024,0.6497888260666245,0.04,3.0
27,BURST 98,1012,486,4,522,0.9918367346938776,0.48214285714285715,0.7369897959183673,species,stool,0.9601646323717018,0.898178686766771,0.18,3.0
28,BURST 98,1012,531,2,479,0.9962476547842402,0.5257425742574258,0.7609951145208329,species,oral,0.9404263924486822,0.8439842402552018,0.29,3.0
29,BURST 98,1012,480,1,531,0.997920997920998,0.47477744807121663,0.7363492229961073,species,skin,0.5149932857587356,0.6154665552885983,0.04,3.0
30,BURST 95,9992,9437,128,427,0.9866178776790382,0.9567112733171127,0.9716645754980755,species,stool,0.9893212229210765,0.9844423687639234,0.8,4.0
31,BURST 95,9992,9277,26,689,0.9972052026228099,0.9308649407987156,0.9640350717107627,species,oral,0.9700506645205351,0.8787176053319974,0.99,4.0
32,BURST 95,9992,9528,14,450,0.9985328023475163,0.9549007817197835,0.9767167920336499,species,skin,0.8942036133097384,0.7946792582101816,0.16,4.0
33,BURST 95,9992,9446,139,407,0.9854981742305686,0.9586927839236781,0.9720954790771233,species,stool,0.9996356266083671,0.9779944051345434,0.81,4.0
34,BURST 95,9992,9467,29,496,0.9969460825610783,0.9502157984542808,0.9735809405076796,species,oral,0.989328546289585,0.9906885434412418,1.0,4.0
35,BURST 95,9992,9457,11,524,0.9988381918039713,0.9475002504759042,0.9731692211399378,species,skin,0.7652521182885836,0.743840142149461,0.16,4.0
36,BURST 95,9992,9456,120,416,0.9874686716791979,0.9578606158833063,0.9726646437812521,species,stool,0.9996697829185675,0.9789407375630215,0.79,4.0
37,BURST 95,9992,9266,35,691,0.9962369637673368,0.9306015868233404,0.9634192752953386,species,oral,0.9856352462073472,0.9662853505329559,0.96,4.0
38,BURST 95,9992,9487,11,494,0.9988418614445146,0.9505059613265204,0.9746739113855175,species,skin,0.7820973192614809,0.750269689164445,0.15,4.0
39,BURST 95,9992,9260,131,601,0.9860504738579491,0.939052834398134,0.9625516541280416,species,stool,0.9638584097407448,0.9610431796810197,0.81,4.0
40,BURST 95,9992,9419,32,541,0.9966141149084753,0.9456827309236948,0.971148422916085,species,oral,0.9916336770682262,0.990148556403803,0.99,4.0
41,BURST 95,9992,9243,11,738,0.9988113248325049,0.9260595130748422,0.9624354189536736,species,skin,0.8214776137713723,0.7617496453501591,0.16,4.0
42,BURST 95,9992,9293,111,588,0.988196512122501,0.9404918530513106,0.9643441825869058,species,stool,0.9841620707249914,0.9527207106899724,0.81,4.0
43,BURST 95,9992,9349,39,604,0.9958457605453771,0.9393147794634783,0.9675802700044277,species,oral,0.9785981544097951,0.9633930619334047,0.96,4.0
44,BURST 95,9992,9512,13,467,0.9986351706036746,0.9532017236196012,0.9759184471116379,species,skin,0.7301536709466934,0.7223645829343509,0.15,4.0
45,BURST 98,9992,4986,68,4938,0.9865453106450336,0.5024183796856106,0.7444818451653221,species,stool,0.9831374794230766,0.9509133202145401,0.56,4.0
46,BURST 98,9992,4959,12,5021,0.9975859987929994,0.4968937875751503,0.7472398931840748,species,oral,0.9866945883885957,0.9618399433780519,0.88,4.0
47,BURST 98,9992,4873,2,5117,0.9995897435897436,0.4877877877877878,0.7436887656887657,species,skin,0.6728290478334011,0.6994112097977523,0.13,4.0
48,BURST 98,9992,4854,80,5058,0.983785974868261,0.4897094430992736,0.7367477089837673,species,stool,0.9569719660269724,0.9287247352491966,0.6,4.0
49,BURST 98,9992,4976,17,4999,0.9965952333266573,0.4988471177944862,0.7477211755605717,species,oral,0.990608526649481,0.985984146410074,0.88,4.0
50,BURST 98,9992,4938,7,5047,0.9985844287158746,0.4945418127190786,0.7465631207174765,species,skin,0.8423374768010714,0.7359145100710882,0.15,4.0
51,BURST 98,9992,4907,76,5009,0.984748143688541,0.49485679709560304,0.739802470392072,species,stool,0.9886515460984999,0.9658366217809504,0.59,4.0
52,BURST 98,9992,5073,8,4911,0.998425506790002,0.5081129807692307,0.7532692437796163,species,oral,0.9712160688999544,0.8969419030266105,0.93,4.0
53,BURST 98,9992,4998,3,4991,0.9994001199760048,0.5003503854239664,0.7498752526999856,species,skin,0.7966102604620585,0.7263551473620362,0.11,4.0
54,BURST 98,9992,5019,71,4902,0.9860510805500983,0.5058965830057454,0.7459738317779219,species,stool,0.9692166650158838,0.9251343069744373,0.56,4.0
55,BURST 98,9992,4950,10,5032,0.9979838709677419,0.49589260669204566,0.7469382388298937,species,oral,0.9742298803321643,0.8961706095514657,0.91,4.0
56,BURST 98,9992,4947,10,5035,0.9979826507968529,0.49559206571829295,0.7467873582575729,species,skin,0.7839529108199237,0.7337956441312783,0.14,4.0
57,BURST 98,9992,4992,63,4937,0.9875370919881306,0.5027696646187935,0.7451533783034621,species,stool,0.9854974018617272,0.9494910023747088,0.58,4.0
58,BURST 98,9992,4963,14,5015,0.9971870604781997,0.49739426738825415,0.747290663933227,species,oral,0.9812661282506575,0.918741676633378,0.88,4.0
59,BURST 98,9992,5077,6,4909,0.9988195947275231,0.5084117764870819,0.7536156856073025,species,skin,0.7231669521288944,0.7262042520711294,0.13,4.0
60,BURST 95,100047,93388,1297,5362,0.9863019485662988,0.9457012658227848,0.9660016071945419,species,stool,0.9492360565821524,0.9935900282214064,1.0,5.0
61,BURST 95,100047,94615,268,5164,0.9971754687351791,0.9482456228264464,0.9727105457808127,species,oral,0.9824183181764724,0.9935366273169955,0.9900990099009901,5.0
62,BURST 95,100047,93769,104,6174,0.9988921202049578,0.9382247881292337,0.9685584541670957,species,skin,0.9842184552962128,0.9344085165350873,0.7058823529411765,5.0
63,BURST 95,100047,93447,1308,5292,0.986195979104005,0.9464041564123599,0.9663000677581824,species,stool,0.9635551428389124,0.9936785799505791,1.0,5.0
64,BURST 95,100047,93825,271,5951,0.997119962591396,0.9403563983322643,0.9687381804618301,species,oral,0.969053598298004,0.9666303428444032,0.9900990099009901,5.0
65,BURST 95,100047,94313,129,5605,0.9986340822938947,0.9439040012810505,0.9712690417874725,species,skin,0.9978200029612534,0.9465372542622466,0.7450980392156863,5.0
66,BURST 95,100047,93482,1291,5274,0.9863779768499468,0.946595649884564,0.9664868133672554,species,stool,0.9634234526528794,0.9933438341375405,1.0,5.0
67,BURST 95,100047,93867,270,5910,0.9971318397654483,0.9407679124447518,0.9689498761051001,species,oral,0.9741651689751772,0.969168767725231,1.0,5.0
68,BURST 95,100047,94216,123,5708,0.9986961913948632,0.9428765862055162,0.9707863888001897,species,skin,0.9825107936377215,0.9481231619581577,0.693069306930693,5.0
69,BURST 95,100047,93018,1246,5783,0.9867818042943223,0.9414682037631198,0.964125004028721,species,stool,0.9712837096754887,0.9940650379467044,1.0,5.0
70,BURST 95,100047,94123,289,5635,0.9969389484387577,0.9435133021913029,0.9702261253150304,species,oral,0.978208823994438,0.9920252919942881,1.0,5.0
71,BURST 95,100047,94018,111,5918,0.9988207672449511,0.9407821005443484,0.9698014338946497,species,skin,0.9722274054979521,0.9372006610357089,0.7623762376237624,5.0
72,BURST 95,100047,93109,1326,5612,0.985958595859586,0.9431529259225494,0.9645557608910678,species,stool,0.9802762283685171,0.9947489359466217,1.0,5.0
73,BURST 95,100047,93544,282,6221,0.9969944365101358,0.9376434621360197,0.9673189493230777,species,oral,0.9678581441015879,0.9670391465480763,1.0,5.0
74,BURST 95,100047,93968,126,5953,0.9986609135545306,0.9404229341179532,0.9695419238362419,species,skin,0.9556963762789624,0.9295190433167206,0.7326732673267327,5.0
75,BURST 98,100047,49247,701,50099,0.985965404020181,0.4957119561935055,0.7408386801068432,species,stool,0.9802315698765299,0.9927536142879513,1.0,5.0
76,BURST 98,100047,50046,139,49862,0.9972302480820963,0.5009208471794051,0.7490755476307507,species,oral,0.9776917973156196,0.9445876333115135,1.0,5.0
77,BURST 98,100047,49609,64,50374,0.9987115736919453,0.4961743496394387,0.747442961665692,species,skin,0.9524034528783198,0.8907303763262333,0.47,5.0
78,BURST 98,100047,49314,698,50035,0.986043349596097,0.4963713776686227,0.7412073636323598,species,stool,0.9716482621643524,0.9933310632864962,1.0,5.0
79,BURST 98,100047,49914,139,49994,0.9972229436796995,0.49959963166112825,0.7484112876704139,species,oral,0.9790653076935065,0.9698507493531059,1.0,5.0
80,BURST 98,100047,49734,73,50240,0.9985343425622905,0.4974693420289275,0.748001842295609,species,skin,0.9482765139769007,0.8880503256480231,0.49504950495049505,5.0
81,BURST 98,100047,48943,677,50427,0.9863563079403467,0.49253295763308846,0.7394446327867176,species,stool,0.971768140896427,0.9930080810791367,1.0,5.0
82,BURST 98,100047,49703,121,50223,0.9975714515093128,0.49739807457518564,0.7474847630422492,species,oral,0.9760899620565485,0.947933333094631,1.0,5.0
83,BURST 98,100047,50145,74,49828,0.9985264541309067,0.5015854280655777,0.7500559410982421,species,skin,0.9620962570289558,0.8903604835136976,0.46534653465346537,5.0
84,BURST 98,100047,48729,730,50588,0.9852403000465032,0.49064107856660993,0.7379406893065565,species,stool,0.9716015309477433,0.9923735654480268,1.0,5.0
85,BURST 98,100047,49538,132,50377,0.9973424602375679,0.495801431216534,0.746571945727051,species,oral,0.9708367709578075,0.9462592630004353,1.0,5.0
86,BURST 98,100047,49742,66,50239,0.9986749116607774,0.49751452776027444,0.7480947197105259,species,skin,0.9780640946758681,0.894047371234964,0.46534653465346537,5.0
87,BURST 98,100047,49620,728,49699,0.9855406371653294,0.49960229160583575,0.7425714643855825,species,stool,0.9896483257055178,0.9930158492771013,1.0,5.0
88,BURST 98,100047,50062,135,49850,0.997310596250772,0.501060933621587,0.7491857649361795,species,oral,0.983898822996095,0.9675084640161116,1.0,5.0
89,BURST 98,100047,50038,63,49946,0.9987425400690605,0.5004600736117779,0.7496013068404193,species,skin,0.9835309569063109,0.9006299905642332,0.49,5.0
90,BURST 95,999923,931686,12740,55497,0.9865103247898723,0.9437824597870912,0.9651463922884818,species,stool,0.931293868401637,0.9899384824818956,0.9523809523809523,6.0
91,BURST 95,999923,942856,2749,54318,0.9970928664717298,0.9455280623040713,0.9713104643879005,species,oral,0.9698998529998606,0.9833869087726695,0.9433962264150944,6.0
92,BURST 95,999923,941370,1296,57257,0.9986251758311003,0.9426642780537678,0.9706447269424341,species,skin,0.957931310380909,0.984933342821599,0.970873786407767,6.0
93,BURST 95,999923,931668,12919,55336,0.9863231232273999,0.9439353842537619,0.9651292537405809,species,stool,0.9316216834623663,0.9929540627016107,0.9615384615384616,6.0
94,BURST 95,999923,941835,2788,55300,0.997048557996153,0.9445411102809549,0.9707948341385539,species,oral,0.9554580111231883,0.9549618393905007,0.9345794392523364,6.0
95,BURST 95,999923,942767,1186,55970,0.9987435815130626,0.9439592204954858,0.9713514010042742,species,skin,0.9582405645837538,0.9815831648811171,0.9523809523809523,6.0
96,BURST 95,999923,931845,12728,55350,0.9865251282854792,0.9439320498989562,0.9652285890922176,species,stool,0.9314007149418436,0.9898241093169973,0.970873786407767,6.0
97,BURST 95,999923,942827,2945,54151,0.9968861416916551,0.9456848596458498,0.9712855006687524,species,oral,0.968227763035617,0.984255218546797,0.9433962264150944,6.0
98,BURST 95,999923,941575,1240,57108,0.9986847896989335,0.9428166895801771,0.9707507396395553,species,skin,0.9666074671351479,0.9818491552283578,0.9615384615384616,6.0
99,BURST 95,999923,931506,12719,55698,0.986529693664116,0.9435800503239452,0.9650548719940306,species,stool,0.9312698439435095,0.9911502538546979,0.9433962264150944,6.0
100,BURST 95,999923,940004,2799,57120,0.9970311931548796,0.9427152490562859,0.9698732211055827,species,oral,0.9694076668712011,0.9831635359827952,0.9345794392523364,6.0
101,BURST 95,999923,942439,1310,56174,0.998611919058987,0.9437479784461047,0.9711799487525459,species,skin,0.9493001545125888,0.9809491603979187,0.9433962264150944,6.0
102,BURST 95,999923,931285,12822,55816,0.9864189122631227,0.9434546211583212,0.964936766710722,species,stool,0.9313879247943495,0.9906020755451916,0.9523809523809523,6.0
103,BURST 95,999923,942290,2920,54713,0.9969107394124057,0.9451225322290906,0.9710166358207482,species,oral,0.9686908514227517,0.9834662079766159,0.9345794392523364,6.0
104,BURST 95,999923,942864,1203,55856,0.9987257260342751,0.9440724126882409,0.971399069361258,species,skin,0.9488860197191353,0.9827122931816485,0.9615384615384616,6.0
105,BURST 98,999923,491930,6841,501152,0.9862842867768976,0.4953568788881482,0.740820582832523,species,stool,0.9427410557758977,0.9931093278273286,0.9615384615384616,6.0
106,BURST 98,999923,496487,1475,501961,0.9970379265887759,0.4972587455731295,0.7471483360809527,species,oral,0.970604268287416,0.9866037804951232,0.9615384615384616,6.0
107,BURST 98,999923,496779,634,502510,0.9987254052467467,0.4971324611798989,0.7479289332133228,species,skin,0.9490160879495873,0.9788951844716445,0.9803921568627451,6.0
108,BURST 98,999923,491951,6907,501065,0.9861543765961456,0.4954109500753261,0.7407826633357358,species,stool,0.936954871059107,0.9920250154280416,0.970873786407767,6.0
109,BURST 98,999923,497749,1503,500671,0.9969894962864445,0.49853668796698786,0.7477630921267162,species,oral,0.947247794918371,0.9296859871590378,0.9803921568627451,6.0
110,BURST 98,999923,497310,619,501994,0.9987568508763297,0.4976563688327076,0.7482066098545186,species,skin,0.9409720491212273,0.976673249616053,0.970873786407767,6.0
111,BURST 98,999923,491225,6623,502075,0.9866967427809291,0.494538407329105,0.740617575055017,species,stool,0.9427744601647748,0.991352891332837,0.970873786407767,6.0
112,BURST 98,999923,497796,1517,500610,0.9969618255483034,0.49859075366133615,0.7477762896048198,species,oral,0.9565441831463054,0.9562214082771884,0.9803921568627451,6.0
113,BURST 98,999923,497071,658,502194,0.9986779954553583,0.49743661591269583,0.7480573056840271,species,skin,0.9572356646900128,0.9758375043027879,0.970873786407767,6.0
114,BURST 98,999923,491461,6824,501638,0.9863050262400032,0.4948761402438226,0.7405905832419128,species,stool,0.9428603602089803,0.9920605769979882,0.970873786407767,6.0
115,BURST 98,999923,498725,1491,499707,0.9970192876677275,0.4995082289029198,0.7482637582853237,species,oral,0.9578148553433126,0.9587658082361628,0.970873786407767,6.0
116,BURST 98,999923,498228,599,501096,0.9987991828830436,0.49856502996025315,0.7486821064216483,species,skin,0.9574393364497377,0.9796524496689831,0.9803921568627451,6.0
117,BURST 98,999923,491346,6781,501796,0.98638700572344,0.4947389195099996,0.7405629626167198,species,stool,0.931315855072136,0.9922802175099676,0.970873786407767,6.0
118,BURST 98,999923,498970,1522,499431,0.9969589923515261,0.4997691308402135,0.7483640615958698,species,oral,0.9708416016554244,0.9879568868053757,0.9615384615384616,6.0
119,BURST 98,999923,497924,590,501409,0.9988164825862463,0.4982563369767635,0.7485364097815049,species,skin,0.9672976973885072,0.978761935957982,0.9803921568627451,6.0
120,BURST 95,10000001,9320301,128145,551555,0.9864374522540532,0.94412854077288,0.9652829965134666,species,stool,0.9093031276057206,0.9736509600748706,0.7692307692307693,7.0
121,BURST 95,10000001,9416476,28436,555089,0.996989278460191,0.9443328103462195,0.9706610444032053,species,oral,0.9678281628663008,0.9660435246572582,0.6756756756756757,7.0
122,BURST 95,10000001,9418486,12742,568773,0.9986489564243384,0.9430501401836079,0.9708495483039732,species,skin,0.910449859692922,0.972083551544042,0.7936507936507936,7.0
123,BURST 98,10000001,4918186,67585,5014230,0.9864444235405115,0.495165123973865,0.7408047737571882,species,stool,0.9093031276057206,0.9786368508292047,0.847457627118644,7.0
124,BURST 98,10000001,4976277,14843,5008881,0.997026118386254,0.49836737686073673,0.7476967476234954,species,oral,0.96819041359204,0.9700945726295084,0.7692307692307693,7.0
125,BURST 98,10000001,4977235,6352,5016414,0.9987254160507281,0.49803980508020645,0.7483826105654673,species,skin,0.9345345973048216,0.9762486134846013,0.8849557522123894,7.0
0,BURST 95 Taxonomy,1012,883,0,129,1.0,0.8725296442687747,0.9362648221343873,species,stool,0.9737118153328563,0.921985059785824,0.25,3.0
1,BURST 95 Taxonomy,1012,908,0,104,1.0,0.8972332015810277,0.9486166007905139,species,oral,0.9463260715925785,0.799372587045824,0.35,3.0
2,BURST 95 Taxonomy,1012,967,0,45,1.0,0.9555335968379447,0.9777667984189724,species,skin,0.6419369220536172,0.6824007293735045,0.07,3.0
3,BURST 95 Taxonomy,1012,864,0,148,1.0,0.8537549407114624,0.9268774703557312,species,stool,0.9334892341090701,0.8675842045925362,0.24,3.0
4,BURST 95 Taxonomy,1012,921,0,91,1.0,0.9100790513833992,0.9550395256916996,species,oral,0.9375967573516778,0.8254843952674308,0.37,3.0
5,BURST 95 Taxonomy,1012,887,0,125,1.0,0.8764822134387352,0.9382411067193677,species,skin,0.533709017561547,0.6672891498813116,0.06,3.0
6,BURST 95 Taxonomy,1012,890,0,122,1.0,0.8794466403162056,0.9397233201581028,species,stool,0.9813868183882478,0.9254021335245457,0.23,3.0
7,BURST 95 Taxonomy,1012,954,0,58,1.0,0.9426877470355731,0.9713438735177866,species,oral,0.9306297882239184,0.8510160058371113,0.43,3.0
8,BURST 95 Taxonomy,1012,926,0,86,1.0,0.9150197628458498,0.9575098814229249,species,skin,0.6785227270516957,0.6849575681588776,0.07,3.0
9,BURST 95 Taxonomy,1012,934,0,78,1.0,0.9229249011857708,0.9614624505928854,species,stool,0.9466250931175841,0.889524991456101,0.24,3.0
10,BURST 95 Taxonomy,1012,915,0,97,1.0,0.9041501976284585,0.9520750988142292,species,oral,0.9163067181140744,0.7951968178051654,0.39,3.0
11,BURST 95 Taxonomy,1012,931,2,79,0.9978563772775991,0.9217821782178218,0.9598192777477105,species,skin,0.5896932007816544,0.6794852545797048,0.06,3.0
12,BURST 95 Taxonomy,1012,893,0,119,1.0,0.8824110671936759,0.9412055335968379,species,stool,0.959751795935058,0.9139111847926442,0.25,3.0
13,BURST 95 Taxonomy,1012,976,0,36,1.0,0.9644268774703557,0.9822134387351779,species,oral,0.9377795289667582,0.8130632516590297,0.42,3.0
14,BURST 95 Taxonomy,1012,898,0,114,1.0,0.8873517786561265,0.9436758893280632,species,skin,0.5446413696111808,0.6640821145573103,0.06,3.0
15,BURST 98 Taxonomy,1012,478,0,534,1.0,0.4723320158102767,0.7361660079051383,species,stool,0.8981105412391361,0.8300952230248626,0.18,3.0
16,BURST 98 Taxonomy,1012,476,0,536,1.0,0.47035573122529645,0.7351778656126482,species,oral,0.9009716905047571,0.7472498078036335,0.21,3.0
17,BURST 98 Taxonomy,1012,498,0,514,1.0,0.49209486166007904,0.7460474308300395,species,skin,0.5473744576235893,0.6570635021724174,0.04,3.0
18,BURST 98 Taxonomy,1012,454,0,558,1.0,0.44861660079051385,0.724308300395257,species,stool,0.9572042059708045,0.8973266154097073,0.19,3.0
19,BURST 98 Taxonomy,1012,488,1,523,0.9979550102249489,0.4826904055390702,0.7403227078820096,species,oral,0.9158430995507383,0.8003727110253208,0.22,3.0
20,BURST 98 Taxonomy,1012,469,0,543,1.0,0.4634387351778656,0.7317193675889329,species,skin,0.5179196437706826,0.6152668494493182,0.04,3.0
21,BURST 98 Taxonomy,1012,514,0,498,1.0,0.5079051383399209,0.7539525691699605,species,stool,0.9247370300267729,0.856633526698325,0.17,3.0
22,BURST 98 Taxonomy,1012,511,0,501,1.0,0.5049407114624506,0.7524703557312253,species,oral,0.9288028500749685,0.8213240534825057,0.27,3.0
23,BURST 98 Taxonomy,1012,486,0,526,1.0,0.48023715415019763,0.7401185770750989,species,skin,0.5611239927013979,0.6604402642749647,0.04,3.0
24,BURST 98 Taxonomy,1012,482,1,529,0.9979296066252588,0.47675568743818003,0.7373426470317194,species,stool,0.901683492037471,0.8460590010872997,0.15,3.0
25,BURST 98 Taxonomy,1012,492,0,520,1.0,0.48616600790513836,0.7430830039525692,species,oral,0.9250724983006653,0.7944696861632748,0.24,3.0
26,BURST 98 Taxonomy,1012,489,0,523,1.0,0.48320158102766797,0.741600790513834,species,skin,0.5210060364848024,0.6529287144890449,0.04,3.0
27,BURST 98 Taxonomy,1012,462,0,550,1.0,0.45652173913043476,0.7282608695652174,species,stool,0.9597393742215271,0.8998570297675462,0.19,3.0
28,BURST 98 Taxonomy,1012,528,0,484,1.0,0.5217391304347826,0.7608695652173914,species,oral,0.934819439964622,0.8276630397965085,0.28,3.0
29,BURST 98 Taxonomy,1012,463,0,549,1.0,0.4575098814229249,0.7287549407114624,species,skin,0.5149932857587356,0.615191317015116,0.04,3.0
30,BURST 95 Taxonomy,9992,9197,2,793,0.9997825850635939,0.9206206206206207,0.9602016028421072,species,stool,0.9996925500316106,0.984866987916747,0.79,4.0
31,BURST 95 Taxonomy,9992,9190,1,801,0.9998911979109999,0.9198278450605545,0.9598595214857772,species,oral,0.9696876905343449,0.8786413027544239,0.98,4.0
32,BURST 95 Taxonomy,9992,9250,3,739,0.9996757808278396,0.9260186204825308,0.9628472006551851,species,skin,0.8949718404019882,0.7927375480174716,0.16,4.0
33,BURST 95 Taxonomy,9992,9188,5,799,0.9994561079081911,0.9199959947932312,0.9597260513507111,species,stool,0.9855664707136274,0.9541980670433589,0.81,4.0
34,BURST 95 Taxonomy,9992,9381,2,609,0.9997868485558989,0.9390390390390391,0.969412943797469,species,oral,0.996214918287996,0.9912312130815724,1.0,4.0
35,BURST 95 Taxonomy,9992,9150,2,840,0.9997814685314685,0.9159159159159159,0.9578486922236922,species,skin,0.7652521182885836,0.7438680139846418,0.17,4.0
36,BURST 95 Taxonomy,9992,9210,1,781,0.9998914341548149,0.9218296466820138,0.9608605404184143,species,stool,0.9997836509000372,0.9792608290776333,0.78,4.0
37,BURST 95 Taxonomy,9992,9184,0,808,1.0,0.9191353082465973,0.9595676541232987,species,oral,0.9896500709477959,0.9666848908935941,0.96,4.0
38,BURST 95 Taxonomy,9992,9218,1,773,0.9998915283653325,0.9226303673305976,0.961260947847965,species,skin,0.795841197609011,0.7484948208427202,0.15,4.0
39,BURST 95 Taxonomy,9992,9011,1,980,0.9998890368397692,0.9019117205484937,0.9509003786941315,species,stool,0.9855549173730421,0.9614175632247263,0.8,4.0
40,BURST 95 Taxonomy,9992,9324,0,668,1.0,0.9331465172137711,0.9665732586068856,species,oral,0.9801740107341964,0.9427958134001916,0.99,4.0
41,BURST 95 Taxonomy,9992,8958,2,1032,0.9997767857142857,0.8966966966966967,0.9482367412054913,species,skin,0.8214776137713723,0.7618190203512876,0.17,4.0
42,BURST 95 Taxonomy,9992,9033,1,958,0.9998893070622095,0.9041137023320989,0.9520015046971542,species,stool,0.984139047774358,0.9528273907084791,0.82,4.0
43,BURST 95 Taxonomy,9992,9272,1,719,0.9998921600345088,0.9280352317085376,0.9639636958715232,species,oral,0.9898285013487176,0.9659014901881876,0.96,4.0
44,BURST 95 Taxonomy,9992,9237,2,753,0.9997835263556663,0.9246246246246246,0.9622040754901454,species,skin,0.7633067735651079,0.7242863240423597,0.15,4.0
45,BURST 98 Taxonomy,9992,4877,0,5115,1.0,0.4880904723779023,0.7440452361889511,species,stool,0.9693215827854262,0.9279278884589603,0.56,4.0
46,BURST 98 Taxonomy,9992,4915,1,5076,0.9997965825874695,0.4919427484736263,0.7458696655305479,species,oral,0.980418488825536,0.9391633792963621,0.87,4.0
47,BURST 98 Taxonomy,9992,4728,1,5263,0.9997885388031297,0.4732259033129817,0.7365072210580557,species,skin,0.6728290478334011,0.6995461384812033,0.13,4.0
48,BURST 98 Taxonomy,9992,4729,2,5261,0.9995772563939971,0.4733733733733734,0.7364753148836852,species,stool,0.9996925565148616,0.9769801130292746,0.59,4.0
49,BURST 98 Taxonomy,9992,4925,4,5063,0.9991884763643741,0.4930917100520625,0.7461400932082183,species,oral,0.9940088471187328,0.9862812894590544,0.88,4.0
50,BURST 98 Taxonomy,9992,4804,1,5187,0.9997918834547347,0.4808327494745271,0.7403123164646309,species,skin,0.8423374768010714,0.7359367219262134,0.16,4.0
51,BURST 98 Taxonomy,9992,4776,0,5216,1.0,0.477982385908727,0.7389911929543636,species,stool,0.9880414249787208,0.9662570792591534,0.59,4.0
52,BURST 98 Taxonomy,9992,5024,1,4967,0.9998009950248756,0.5028525673105795,0.7513267811677276,species,oral,0.9720433321558916,0.897111879521139,0.93,4.0
53,BURST 98 Taxonomy,9992,4851,1,5140,0.9997938994229184,0.4855369832849565,0.7426654413539374,species,skin,0.7966523217540863,0.7264205814666514,0.11,4.0
54,BURST 98 Taxonomy,9992,4890,1,5101,0.9997955428337764,0.4894404964468021,0.7446180196402892,species,stool,0.9850253833459067,0.9479775819657903,0.56,4.0
55,BURST 98 Taxonomy,9992,4894,1,5097,0.9997957099080694,0.48984085677109396,0.7448182833395817,species,oral,0.9640394019909627,0.874840037818743,0.91,4.0
56,BURST 98 Taxonomy,9992,4779,3,5210,0.9993726474278545,0.4784262688957854,0.7388994581618199,species,skin,0.7626221077937629,0.7246461339946789,0.12,4.0
57,BURST 98 Taxonomy,9992,4867,1,5124,0.9997945768282662,0.4871384245821239,0.743466500705195,species,stool,0.9857276313680611,0.9497274911980245,0.57,4.0
58,BURST 98 Taxonomy,9992,4915,1,5076,0.9997965825874695,0.4919427484736263,0.7458696655305479,species,oral,0.9811617341897793,0.9187771334693058,0.88,4.0
59,BURST 98 Taxonomy,9992,4928,2,5062,0.9995943204868154,0.4932932932932933,0.7464438068900543,species,skin,0.7231669521288944,0.7262516206244356,0.13,4.0
60,BURST 95 Taxonomy,100047,90909,17,9121,0.9998130347755317,0.908817354793562,0.9543151947845468,species,stool,0.9998178133041836,0.9957412598006068,1.0,5.0
61,BURST 95 Taxonomy,100047,93698,21,6328,0.9997759259061663,0.9367364485233839,0.968256187214775,species,oral,0.9990280555503637,0.9978874869022843,1.0,5.0
62,BURST 95 Taxonomy,100047,90991,37,9019,0.999593531660588,0.9098190180981902,0.9547062748793891,species,skin,0.9966642910850203,0.9357201541093341,0.696078431372549,5.0
63,BURST 95 Taxonomy,100047,91058,27,8962,0.9997035735851129,0.9103979204159168,0.9550507470005148,species,stool,0.9896819106020394,0.9964962537828049,1.0,5.0
64,BURST 95 Taxonomy,100047,92880,23,7144,0.9997524299538229,0.9285771414860433,0.9641647857199331,species,oral,0.9861112068464293,0.9728070697221791,1.0,5.0
65,BURST 95 Taxonomy,100047,91578,49,8420,0.9994652231329193,0.9157983159663193,0.9576317695496193,species,skin,0.9985704781059054,0.9457361209646982,0.7254901960784313,5.0
66,BURST 95 Taxonomy,100047,90973,24,9050,0.999736255041375,0.9095208102136508,0.9546285326275129,species,stool,0.9845650258797664,0.9705811875847168,1.0,5.0
67,BURST 95 Taxonomy,100047,92877,19,7151,0.999795470203238,0.9285100171951853,0.9641527436992117,species,oral,0.9871731473391453,0.9495240853055755,1.0,5.0
68,BURST 95 Taxonomy,100047,91398,28,8621,0.9996937413864765,0.9138063767884103,0.9567500590874434,species,skin,0.9775586384582642,0.9359000983469187,0.7128712871287128,5.0
69,BURST 95 Taxonomy,100047,90688,26,9333,0.999713384924047,0.9066895951850111,0.9532014900545291,species,stool,0.9996356266083671,0.9960268266514032,1.0,5.0
70,BURST 95 Taxonomy,100047,93138,21,6888,0.9997745789456736,0.9311379041449224,0.965456241545298,species,oral,0.9982149699971451,0.9979119829410316,1.0,5.0
71,BURST 95 Taxonomy,100047,91183,38,8826,0.9995834292542287,0.9117479426851584,0.9556656859696935,species,skin,0.9956748500234429,0.937179629946058,0.8316831683168316,5.0
72,BURST 95 Taxonomy,100047,90702,30,9315,0.9996693559053035,0.9068658328084226,0.953267594356863,species,stool,0.9997267199562754,0.9965923895988575,1.0,5.0
73,BURST 95 Taxonomy,100047,92606,27,7414,0.9997085271987305,0.925874825034993,0.9627916761168618,species,oral,0.9929712911300872,0.9731310751345483,1.0,5.0
74,BURST 95 Taxonomy,100047,91146,44,8857,0.9995174909529554,0.9114326570202894,0.9554750739866225,species,skin,0.9799942621131876,0.9304641392142637,0.7326732673267327,5.0
75,BURST 98 Taxonomy,100047,47954,11,52082,0.9997706661107058,0.47936742772601865,0.7395690469183622,species,stool,0.9997722666302294,0.9944276613803958,1.0,5.0
76,BURST 98 Taxonomy,100047,49530,13,50504,0.9997376016793492,0.49513165523721936,0.7474346284582842,species,oral,0.9866079503007054,0.9486242863106628,1.0,5.0
77,BURST 98 Taxonomy,100047,48128,20,51899,0.9995846141065049,0.48115008947584154,0.7403673517911732,species,skin,0.9791980680452933,0.8923213723816155,0.44554455445544555,5.0
78,BURST 98 Taxonomy,100047,48054,15,51978,0.999687948573925,0.4803862763915547,0.7400371124827398,species,stool,0.9998178133041836,0.9943373588763604,1.0,5.0
79,BURST 98 Taxonomy,100047,49447,10,50590,0.9997978041531027,0.49428711376790585,0.7470424589605043,species,oral,0.9937123891276802,0.9722896975028351,1.0,5.0
80,BURST 98 Taxonomy,100047,48195,19,51833,0.9996059235906584,0.4818150917743032,0.7407105076824808,species,skin,0.9437543637330018,0.8842771127354361,0.48514851485148514,5.0
81,BURST 98 Taxonomy,100047,47661,7,52379,0.9998531509608123,0.47641943222710914,0.7381362915939607,species,stool,0.9998178133041836,0.9930565663472131,1.0,5.0
82,BURST 98 Taxonomy,100047,49219,9,50819,0.9998171772162184,0.4920030388452388,0.7459101080307287,species,oral,0.9890382975659968,0.9489246404021087,1.0,5.0
83,BURST 98 Taxonomy,100047,48619,27,51401,0.9994449697816881,0.48609278144371126,0.7427688756126997,species,skin,0.9784740368275382,0.8899192029292524,0.4752475247524752,5.0
84,BURST 98 Taxonomy,100047,47463,15,52569,0.9996840641981549,0.4744781669865643,0.7370811155923596,species,stool,0.9997267199562754,0.9922046070312665,1.0,5.0
85,BURST 98 Taxonomy,100047,49037,9,51001,0.9998164987970477,0.49018373018253064,0.7450001144897892,species,oral,0.9876441448711784,0.948521875124938,1.0,5.0
86,BURST 98 Taxonomy,100047,48208,16,51823,0.9996682149966821,0.4819306015135308,0.7407994082551065,species,skin,0.9603352443861787,0.8899855952006495,0.48514851485148514,5.0
87,BURST 98 Taxonomy,100047,48335,15,51697,0.9996897621509824,0.48319537747920666,0.7414425698150945,species,stool,0.9709054796406326,0.9450101267195359,1.0,5.0
88,BURST 98 Taxonomy,100047,49582,10,50455,0.9997983545733182,0.4956366144526525,0.7477174845129854,species,oral,0.9951102236771618,0.9724763972571571,1.0,5.0
89,BURST 98 Taxonomy,100047,48528,11,51508,0.9997733781083252,0.48510536206965493,0.7424393700889901,species,skin,0.9793908887632152,0.8933594654256892,0.51,5.0
90,BURST 95 Taxonomy,999923,907926,227,91770,0.9997500421184536,0.9082020934364047,0.9539760677774292,species,stool,0.9896934111626009,0.9993217998140975,1.0,6.0
91,BURST 95 Taxonomy,999923,933346,222,66355,0.9997622026461919,0.9336251539210224,0.9666936782836071,species,oral,0.9928843266111277,0.9995709392869929,0.970873786407767,6.0
92,BURST 95 Taxonomy,999923,913181,414,86328,0.9995468451556762,0.9136295921297357,0.9565882186427059,species,skin,0.9879759444529707,0.9927859154129027,0.9803921568627451,6.0
93,BURST 95 Taxonomy,999923,907642,235,92046,0.9997411543634215,0.9079252726850777,0.9538332135242495,species,stool,0.989738496619684,0.9993230296410729,1.0,6.0
94,BURST 95 Taxonomy,999923,932417,228,67278,0.9997555339920334,0.9327014739495546,0.9662285039707941,species,oral,0.9944347712938751,0.9747663922340533,0.970873786407767,6.0
95,BURST 95 Taxonomy,999923,914449,381,85093,0.9995835291802848,0.9148680095483731,0.9572257693643289,species,skin,0.999654552239502,0.9929363187954432,0.9803921568627451,6.0
96,BURST 95 Taxonomy,999923,907597,227,92099,0.9997499515324556,0.9078729933899906,0.9538114724612231,species,stool,0.9998178133041836,0.9993925283765063,1.0,6.0
97,BURST 95 Taxonomy,999923,933338,240,66345,0.9997429245333544,0.9336339619659432,0.9666884432496488,species,oral,0.9961134544206109,0.9996122202424954,0.9803921568627451,6.0
98,BURST 95 Taxonomy,999923,912902,380,86641,0.9995839182202212,0.9133193869598406,0.9564516525900308,species,skin,0.9761685456916761,0.9921788155267998,0.9803921568627451,6.0
99,BURST 95 Taxonomy,999923,907354,271,92298,0.9997014185373916,0.9076698691144518,0.9536856438259217,species,stool,0.9998178133041836,0.9993827923387906,1.0,6.0
100,BURST 95 Taxonomy,999923,930512,210,69201,0.9997743687159001,0.9307791336113465,0.9652767511636233,species,oral,0.9995514102540141,0.9996634608938014,0.970873786407767,6.0
101,BURST 95 Taxonomy,999923,914144,437,85342,0.9995221855691294,0.9146141116533898,0.9570681486112596,species,skin,0.9877755087515665,0.9911085627496671,0.9803921568627451,6.0
102,BURST 95 Taxonomy,999923,906921,300,92702,0.9996693198239459,0.9072630381653883,0.9534661789946671,species,stool,0.9803762774996578,0.998593956543835,1.0,6.0
103,BURST 95 Taxonomy,999923,932881,231,66811,0.9997524412932209,0.9331684158720887,0.9664604285826548,species,oral,0.9960762033050963,0.9996204688568735,0.970873786407767,6.0
104,BURST 95 Taxonomy,999923,914604,362,84957,0.9996043568832066,0.9150056874968111,0.9573050221900088,species,skin,0.9875635751310748,0.9930370261713345,0.9803921568627451,6.0
105,BURST 98 Taxonomy,999923,479320,135,520468,0.999718430301071,0.47942163738712607,0.7395700338440985,species,stool,0.9997722666302294,0.998917396209718,1.0,6.0
106,BURST 98 Taxonomy,999923,491658,103,508162,0.9997905486608332,0.49174651437258704,0.7457685315167101,species,oral,0.999514027775182,0.9994048884462172,1.0,6.0
107,BURST 98 Taxonomy,999923,481938,168,517817,0.9996515289168773,0.48205610374541763,0.7408538163311474,species,skin,0.9875400269510201,0.9852281793723457,0.9803921568627451,6.0
108,BURST 98 Taxonomy,999923,479375,138,520410,0.9997122080110445,0.47947808778887463,0.7395951478999596,species,stool,0.9896934111626009,0.9983775508912192,1.0,6.0
109,BURST 98 Taxonomy,999923,492897,105,506921,0.9997870191195979,0.4929867235836922,0.746386871351645,species,oral,0.9857006979121385,0.9505530342490501,1.0,6.0
110,BURST 98 Taxonomy,999923,482623,187,517113,0.999612684078623,0.48275044611777507,0.741181565098199,species,skin,0.9870334540740263,0.9836606356412188,0.9803921568627451,6.0
111,BURST 98 Taxonomy,999923,478612,150,521161,0.9996866919262598,0.4787206695919974,0.7392036807591286,species,stool,0.9803316185187901,0.9987599180711286,1.0,6.0
112,BURST 98 Taxonomy,999923,492842,114,506967,0.999768742037829,0.49293615080480374,0.7463524464213164,species,oral,0.9944722964262799,0.9745549251381714,0.9900990099009901,6.0
113,BURST 98 Taxonomy,999923,482248,173,517502,0.99964139206212,0.482368592148037,0.7410049921050785,species,skin,0.9862804952204268,0.9822666071115256,0.9803921568627451,6.0
114,BURST 98 Taxonomy,999923,478681,137,521105,0.9997138787597792,0.47878345966036734,0.7392486692100733,species,stool,0.9846455526882923,0.973690640768698,1.0,6.0
115,BURST 98 Taxonomy,999923,493908,95,505920,0.9998076934755457,0.4939929667902879,0.7469003301329168,species,oral,0.9958805640375153,0.9993313227050747,1.0,6.0
116,BURST 98 Taxonomy,999923,483253,163,516507,0.999662816290731,0.4833690085620549,0.7415159124263929,species,skin,0.9688862418106015,0.9703794538860894,0.9705882352941176,6.0
117,BURST 98 Taxonomy,999923,478740,125,521058,0.9997389660969167,0.4788367250184537,0.7392878455576852,species,stool,0.9997722666302294,0.9989349520935127,1.0,6.0
118,BURST 98 Taxonomy,999923,494082,115,505726,0.9997672992753902,0.4941768819613366,0.7469720906183634,species,oral,0.9997009401693426,0.999404302270982,1.0,6.0
119,BURST 98 Taxonomy,999923,483242,168,516513,0.9996524689187233,0.48336042330370943,0.7415064461112164,species,skin,0.9877163592432533,0.9840847870763585,0.9803921568627451,6.0
120,BURST 95 Taxonomy,10000001,9079469,2573,917959,0.9997166936686706,0.9081804840204901,0.9539485888445803,species,stool,0.96359903956759,0.99807362823917,0.8695652173913043,7.0
121,BURST 95 Taxonomy,10000001,9322060,2267,675674,0.9997568725335352,0.9324172857569525,0.9660870791452438,species,oral,0.984864007642422,0.9994553261347116,0.7407407407407407,7.0
122,BURST 95 Taxonomy,10000001,9135115,3979,860907,0.9995646176743559,0.9138750394907094,0.9567198285825327,species,skin,0.9585004299759755,0.9956192169998733,0.8849557522123894,7.0
123,BURST 98 Taxonomy,10000001,4791946,1317,5206738,0.9997252393619962,0.47925767030941274,0.7394914548357044,species,stool,0.9716378131538491,0.9981416731951809,0.9615384615384616,7.0
124,BURST 98 Taxonomy,10000001,4927229,1105,5071667,0.999775786300198,0.4927773026142086,0.7462765444572033,species,oral,0.987284992222111,0.999388009983128,0.847457627118644,7.0
125,BURST 98 Taxonomy,10000001,4829301,1789,5168911,0.9996296901941384,0.48301646334364584,0.7413230767688921,species,skin,0.9882705661509129,0.9959619524502382,0.9433962264150944,7.0
0,UTree,1012,634,21,357,0.9679389312977099,0.6397578203834511,0.8038483758405806,species,stool,0.8839122302311949,0.8146338078175344,0.2,3.0
1,UTree,1012,634,18,360,0.9723926380368099,0.6378269617706237,0.8051097999037168,species,oral,0.9039216305459531,0.7269753897322007,0.28,3.0
2,UTree,1012,644,23,345,0.9655172413793104,0.6511627906976745,0.8083400160384924,species,skin,0.5555102396523338,0.6666345237782088,0.06930693069306931,3.0
3,UTree,1012,614,22,376,0.9654088050314465,0.6202020202020202,0.7928054126167334,species,stool,0.9109275720378153,0.8386193611258967,0.2,3.0
4,UTree,1012,633,16,363,0.975346687211094,0.6355421686746988,0.8054444279428964,species,oral,0.9157367232557583,0.8003626774160191,0.32,3.0
5,UTree,1012,590,19,403,0.9688013136288999,0.594159113796576,0.7814802137127379,species,skin,0.5337708714061559,0.6651834579795342,0.06,3.0
6,UTree,1012,619,20,373,0.9687010954616588,0.623991935483871,0.7963465154727649,species,stool,0.9150382604403855,0.8571196904258812,0.19,3.0
7,UTree,1012,672,8,332,0.9882352941176471,0.6693227091633466,0.8287790016404968,species,oral,0.9043439952172718,0.8294374457423077,0.3465346534653465,3.0
8,UTree,1012,586,18,408,0.9701986754966887,0.5895372233400402,0.7798679494183645,species,skin,0.6267796680617366,0.6847169466950757,0.06,3.0
9,UTree,1012,653,15,344,0.9775449101796407,0.6549648946840522,0.8162549024318464,species,stool,0.9187851020157007,0.8771829324029918,0.21,3.0
10,UTree,1012,640,13,359,0.9800918836140888,0.6406406406406406,0.8103662621273647,species,oral,0.9030950575528881,0.7654196138815745,0.29,3.0
11,UTree,1012,625,13,374,0.9796238244514106,0.6256256256256256,0.8026247250385181,species,skin,0.5210060364848024,0.658494402413797,0.0594059405940594,3.0
12,UTree,1012,616,20,376,0.9685534591194969,0.6209677419354839,0.7947606005274903,species,stool,0.9055261915246277,0.8573087056966543,0.23,3.0
13,UTree,1012,701,14,297,0.9804195804195804,0.7024048096192385,0.8414121950194094,species,oral,0.9165059906239834,0.8229040980595929,0.33,3.0
14,UTree,1012,596,19,397,0.9691056910569106,0.6002014098690835,0.784653550462997,species,skin,0.5446413696111808,0.6613014623448087,0.06,3.0
15,UTree,9992,6557,209,3226,0.9691102571681939,0.6702443013390575,0.8196772792536258,species,stool,0.970854805258899,0.9531797686203781,0.71,4.0
16,UTree,9992,6285,152,3555,0.9763865154575113,0.6387195121951219,0.8075530138263166,species,oral,0.9445997270809082,0.8331926803381952,0.8737864077669902,4.0
17,UTree,9992,6229,177,3586,0.9723696534498907,0.6346408558329089,0.8035052546413998,species,skin,0.8403422103601904,0.7558121824788133,0.125,4.0
18,UTree,9992,6484,221,3287,0.9670395227442208,0.6635963565653464,0.8153179396547836,species,stool,0.9704864380487651,0.9537395917999169,0.68,4.0
19,UTree,9992,6464,176,3352,0.9734939759036144,0.658516707416463,0.8160053416600387,species,oral,0.9562701876611069,0.8951491496692656,0.8640776699029126,4.0
20,UTree,9992,6183,158,3651,0.9750827945119066,0.6287370347773032,0.8019099146446049,species,skin,0.674061254791072,0.7171589205459891,0.1262135922330097,4.0
21,UTree,9992,6521,193,3278,0.9712540959189753,0.6654760689866313,0.8183650824528033,species,stool,0.9598606229766333,0.9446641470868348,0.62,4.0
22,UTree,9992,6287,165,3540,0.9744265344079355,0.639767986160578,0.8070972602842568,species,oral,0.9537076558030186,0.8739225893525014,0.8725490196078431,4.0
23,UTree,9992,6223,177,3592,0.97234375,0.634029546612328,0.803186648306164,species,skin,0.5993440826779012,0.7077411413180027,0.1262135922330097,4.0
24,UTree,9992,6343,200,3449,0.9694329818126242,0.6477736928104575,0.8086033373115409,species,stool,0.9715685167285338,0.9510989315196859,0.69,4.0
25,UTree,9992,6503,160,3329,0.9759867927360047,0.6614117168429617,0.8186992547894832,species,oral,0.9494823065628816,0.9132807552234815,0.9108910891089109,4.0
26,UTree,9992,5989,169,3834,0.9725560246833388,0.6096915402626489,0.7911237824729939,species,skin,0.6370331924717019,0.7048155240686474,0.11650485436893204,4.0
27,UTree,9992,6417,189,3386,0.9713896457765667,0.6545955319800061,0.8129925888782864,species,stool,0.9309586997109218,0.917314987290325,0.67,4.0
28,UTree,9992,6338,164,3490,0.9747769916948631,0.6448921448921449,0.809834568293504,species,oral,0.9587801829836615,0.8956148481832741,0.8712871287128713,4.0
29,UTree,9992,6183,193,3616,0.9697302383939774,0.6309827533421778,0.8003564958680776,species,skin,0.6414140850752464,0.6855421948694445,0.11650485436893204,4.0
30,UTree,100047,64134,2103,33810,0.9682503736582273,0.6548027444253859,0.8115265590418066,species,stool,0.9712809379589755,0.9654233410757396,0.9029126213592233,5.0
31,UTree,100047,65118,1653,33276,0.9752437435413578,0.6618086468687115,0.8185261952050347,species,oral,0.9605520672409493,0.9209445286756128,0.811965811965812,5.0
32,UTree,100047,61211,1788,37048,0.9716185971205892,0.6229556580058824,0.7972871275632358,species,skin,0.8900793212929374,0.8858057786807179,0.4519230769230769,5.0
33,UTree,100047,64198,2058,33791,0.9689386621588988,0.655155170478319,0.8120469163186088,species,stool,0.9713269833243854,0.9665721038587268,0.8942307692307693,5.0
34,UTree,100047,64400,1734,33913,0.9737805062448968,0.6550507054000997,0.8144156058224983,species,oral,0.9517698947911367,0.8796311267729429,0.8189655172413793,5.0
35,UTree,100047,61422,1840,36785,0.9709146090860232,0.6254340321972975,0.7981743206416604,species,skin,0.9217078500794527,0.8762279115142575,0.45714285714285713,5.0
36,UTree,100047,64342,2116,33589,0.9681603418700533,0.6570136116245111,0.8125869767472822,species,stool,0.9211369984685972,0.9404623952974067,0.9117647058823529,5.0
37,UTree,100047,64281,1655,34111,0.9748999029361806,0.6533153101878202,0.8141076065620003,species,oral,0.9533251814312157,0.9224247717065077,0.7851239669421488,5.0
38,UTree,100047,61272,1826,36949,0.9710608894101239,0.6238177171887885,0.7974393032994562,species,skin,0.8638335768618511,0.8696401875019201,0.4074074074074074,5.0
39,UTree,100047,64178,1965,33904,0.9702916408387887,0.6543300503660203,0.8123108456024045,species,stool,0.9708665296702853,0.9655701502626352,0.9117647058823529,5.0
40,UTree,100047,64484,1641,33922,0.9751833648393194,0.6552852468345426,0.815234305836931,species,oral,0.9480229954616438,0.9002258283449113,0.8050847457627118,5.0
41,UTree,100047,61175,1773,37099,0.9718338946431976,0.6224942507682601,0.7971640727057289,species,skin,0.9070848426318774,0.8844844919742267,0.46296296296296297,5.0
42,UTree,100047,64052,2019,33976,0.9694419639478743,0.6534051495491084,0.8114235567484913,species,stool,0.9495103201347979,0.9663954535074716,0.8942307692307693,5.0
43,UTree,100047,64213,1662,34172,0.9747703984819734,0.652670630685572,0.8137205145837727,species,oral,0.9365397463969859,0.8785276637272748,0.7786885245901639,5.0
44,UTree,100047,61281,1847,36919,0.9707419845393487,0.6240427698574338,0.7973923771983913,species,skin,0.8910836952009904,0.8739895070416036,0.4666666666666667,5.0
45,UTree,999923,641107,20072,338744,0.9696421090204015,0.6542902951571208,0.8119662020887611,species,stool,0.9221507744922399,0.9620551238963548,0.5602409638554217,6.0
46,UTree,999923,646838,17219,335866,0.9740699970032693,0.6582226184079845,0.8161463077056269,species,oral,0.9160850984196814,0.8918275887723502,0.37549407114624506,6.0
47,UTree,999923,610536,18338,371049,0.9708399456806928,0.6219899448341203,0.7964149452574065,species,skin,0.8390758883062914,0.9273287160269063,0.34554973821989526,6.0
48,UTree,999923,640711,20171,339041,0.9694786663882509,0.6539522246446039,0.8117154455164274,species,stool,0.9069490470715287,0.9634908224593601,0.5636363636363636,6.0
49,UTree,999923,646223,16939,336761,0.9744572216140249,0.6574094797066891,0.815933350660357,species,oral,0.9198563283577043,0.8951766468323663,0.34798534798534797,6.0
50,UTree,999923,613210,18175,368538,0.9712140769894755,0.6246103888166821,0.7979122329030788,species,skin,0.8388692927958676,0.9300367369388828,0.34554973821989526,6.0
51,UTree,999923,641069,20057,338797,0.9696623639064264,0.6542414983273223,0.8119519311168744,species,stool,0.9144712942044265,0.965484336410578,0.6,6.0
52,UTree,999923,646536,17038,336349,0.9743238885188389,0.6577941468228735,0.8160590176708562,species,oral,0.9086419240823449,0.8930924089106604,0.3667953667953668,6.0
53,UTree,999923,611452,18126,370345,0.9712092862202936,0.622788621273033,0.7969989537466633,species,skin,0.8512041846267694,0.9297285244278256,0.35294117647058826,6.0
54,UTree,999923,640980,20125,338818,0.9695585421377845,0.6541960689856481,0.8118773055617163,species,stool,0.9222483211532368,0.9640394288541054,0.5705521472392638,6.0
55,UTree,999923,644704,17179,338040,0.9740452617758728,0.6560243562921778,0.8150348090340254,species,oral,0.9049654689697204,0.8888178806784529,0.36259541984732824,6.0
56,UTree,999923,612443,18233,369247,0.9710897513144626,0.6238659862074586,0.7974778687609606,species,skin,0.8269949034200261,0.9319969066026217,0.3492063492063492,6.0
57,UTree,999923,641008,20405,338510,0.9691493817025066,0.6544116596121766,0.8117805206573416,species,stool,0.9069736719256621,0.9620904217900995,0.5406976744186046,6.0
58,UTree,999923,646015,16971,336937,0.9744021744048894,0.6572192741863285,0.815810724295609,species,oral,0.8989514993150534,0.8683819921058491,0.36538461538461536,6.0
59,UTree,999923,611962,18233,369728,0.9710676853989638,0.623376014831566,0.7972218501152649,species,skin,0.8655549227237073,0.9301062656993133,0.3402061855670103,6.0
60,UTree,10000001,6408917,202712,3388372,0.9693400824516923,0.6541520822750049,0.8117460823633487,species,stool,0.8820138561888599,0.9504148026499492,0.246684350132626,7.0
61,UTree,10000001,6458198,168979,3372824,0.9745021145504338,0.6569203079801876,0.8157112112653107,species,oral,0.8726716443621648,0.8427368470648422,0.0811965811965812,7.0
62,UTree,10000001,6117170,182863,3699968,0.9709742790236178,0.6231113385591606,0.7970428087913892,species,skin,0.7854759340263391,0.9081563652547316,0.11320754716981132,7.0
0,Bowtie2 95,1012,867,2,143,0.997698504027618,0.8584158415841584,0.9280571728058882,species,stool,0.9740612418078916,0.9199318461438015,0.24,3.0
1,Bowtie2 95,1012,877,1,134,0.9988610478359908,0.8674579624134521,0.9331595051247215,species,oral,0.9466173713466806,0.7991041617468868,0.37,3.0
2,Bowtie2 95,1012,892,0,120,1.0,0.8814229249011858,0.9407114624505929,species,skin,0.6419369220536172,0.6812577091070269,0.08,3.0
3,Bowtie2 95,1012,846,0,166,1.0,0.8359683794466403,0.9179841897233201,species,stool,0.9210878634509378,0.8478300512325977,0.23,3.0
4,Bowtie2 95,1012,884,3,125,0.9966178128523112,0.8761149653121902,0.9363663890822507,species,oral,0.9351916395237796,0.8084881178799941,0.36,3.0
5,Bowtie2 95,1012,829,0,183,1.0,0.8191699604743083,0.9095849802371542,species,skin,0.5337708714061559,0.6676676688904494,0.06,3.0
6,Bowtie2 95,1012,867,0,145,1.0,0.8567193675889329,0.9283596837944664,species,stool,0.9578573892045197,0.902571912320892,0.22,3.0
7,Bowtie2 95,1012,935,0,77,1.0,0.9239130434782609,0.9619565217391304,species,oral,0.940037876407985,0.8705367512962999,0.45,3.0
8,Bowtie2 95,1012,864,1,147,0.9988439306358381,0.8545994065281899,0.926721668582014,species,skin,0.6785227270516957,0.6849285545852617,0.07,3.0
9,Bowtie2 95,1012,909,1,102,0.9989010989010989,0.8991097922848664,0.9490054455929826,species,stool,0.9460515473840503,0.8888429955694139,0.23,3.0
10,Bowtie2 95,1012,884,0,128,1.0,0.8735177865612648,0.9367588932806323,species,oral,0.916509715104025,0.7957314528324025,0.39,3.0
11,Bowtie2 95,1012,864,0,148,1.0,0.8537549407114624,0.9268774703557312,species,skin,0.5896932007816544,0.6744945025613143,0.06,3.0
12,Bowtie2 95,1012,880,1,131,0.9988649262202043,0.8704253214638972,0.9346451238420508,species,stool,0.9594689006834034,0.9146779442295029,0.26,3.0
13,Bowtie2 95,1012,940,0,72,1.0,0.9288537549407114,0.9644268774703557,species,oral,0.9363233310217344,0.8137655433637858,0.43,3.0
14,Bowtie2 95,1012,820,0,192,1.0,0.8102766798418972,0.9051383399209486,species,skin,0.5446413696111808,0.6653606171887141,0.06,3.0
15,Bowtie2 98,1012,470,0,542,1.0,0.4644268774703557,0.7322134387351779,species,stool,0.8980354253556794,0.8288815816328341,0.17,3.0
16,Bowtie2 98,1012,472,0,540,1.0,0.466403162055336,0.733201581027668,species,oral,0.9006633539087878,0.7490800767935987,0.21,3.0
17,Bowtie2 98,1012,483,0,529,1.0,0.4772727272727273,0.7386363636363636,species,skin,0.5473744576235893,0.657094344137433,0.04,3.0
18,Bowtie2 98,1012,452,0,560,1.0,0.44664031620553357,0.7233201581027668,species,stool,0.9572042059708045,0.8976086721357,0.19,3.0
19,Bowtie2 98,1012,483,0,529,1.0,0.4772727272727273,0.7386363636363636,species,oral,0.9190273126614843,0.7996479012324017,0.22,3.0
20,Bowtie2 98,1012,461,0,551,1.0,0.45553359683794464,0.7277667984189723,species,skin,0.5179196437706826,0.6153397737410707,0.04,3.0
21,Bowtie2 98,1012,507,0,505,1.0,0.5009881422924901,0.7504940711462451,species,stool,0.9247247193912574,0.8566483993373409,0.17,3.0
22,Bowtie2 98,1012,506,0,506,1.0,0.5,0.75,species,oral,0.9288069129156762,0.819688882956629,0.26,3.0
23,Bowtie2 98,1012,474,0,538,1.0,0.4683794466403162,0.7341897233201581,species,skin,0.5611239927013979,0.6624934366582561,0.05,3.0
24,Bowtie2 98,1012,480,1,531,0.997920997920998,0.47477744807121663,0.7363492229961073,species,stool,0.9016233417527424,0.8460980132173005,0.15,3.0
25,Bowtie2 98,1012,488,0,524,1.0,0.48221343873517786,0.7411067193675889,species,oral,0.9233992387448923,0.7954119740423161,0.24,3.0
26,Bowtie2 98,1012,478,0,534,1.0,0.4723320158102767,0.7361660079051383,species,skin,0.5210060364848024,0.652979650296199,0.04,3.0
27,Bowtie2 98,1012,460,0,552,1.0,0.45454545454545453,0.7272727272727273,species,stool,0.9597393742215271,0.9000707866885606,0.19,3.0
28,Bowtie2 98,1012,525,0,487,1.0,0.5187747035573123,0.7593873517786561,species,oral,0.9347517660428328,0.8269197125971703,0.28,3.0
29,Bowtie2 98,1012,458,0,554,1.0,0.4525691699604743,0.7262845849802372,species,skin,0.5149932857587356,0.615191317015116,0.04,3.0
30,Bowtie2 95,9992,8960,7,1025,0.9992193598750976,0.8973460190285428,0.9482826894518201,species,stool,0.9844613690832253,0.9596895623430483,0.79,4.0
31,Bowtie2 95,9992,8853,5,1134,0.9994355384962745,0.8864523881045359,0.9429439633004052,species,oral,0.9629591505354895,0.858751111393287,0.98,4.0
32,Bowtie2 95,9992,8560,2,1430,0.9997664097173558,0.8568568568568569,0.9283116332871063,species,skin,0.8949718404019882,0.7927748229516434,0.17,4.0
33,Bowtie2 95,9992,8954,10,1028,0.99888442659527,0.8970146263273893,0.9479495264613296,species,stool,0.9854513559604606,0.9545786514352381,0.82,4.0
34,Bowtie2 95,9992,9033,9,950,0.9990046449900465,0.9048382249824702,0.9519214349862584,species,oral,0.9907194751914477,0.9670836784326275,1.0,4.0
35,Bowtie2 95,9992,8471,0,1521,1.0,0.8477782225780625,0.9238891112890313,species,skin,0.7441029791264288,0.7401919497814184,0.18,4.0
36,Bowtie2 95,9992,8993,5,994,0.9994443209602134,0.9004706117953339,0.9499574663777737,species,stool,0.9996470018017023,0.9794277557945864,0.81,4.0
37,Bowtie2 95,9992,8862,8,1122,0.999098083427283,0.8876201923076923,0.9433591378674877,species,oral,0.974046491816204,0.9208361390219516,0.96,4.0
38,Bowtie2 95,9992,8572,0,1420,1.0,0.8578863090472378,0.9289431545236189,species,skin,0.795841197609011,0.7485679467577147,0.17,4.0
39,Bowtie2 95,9992,8814,4,1174,0.9995463823996371,0.8824589507408891,0.9410026665702631,species,stool,0.9854743789110939,0.9617349805095183,0.8,4.0
40,Bowtie2 95,9992,9000,7,985,0.9992228266903519,0.901352028042063,0.9502874273662074,species,oral,0.9759104107785501,0.9208022263521792,0.99,4.0
41,Bowtie2 95,9992,8276,2,1714,0.9997583957477651,0.8284284284284285,0.9140934120880968,species,skin,0.8214776137713723,0.7618537748572669,0.18,4.0
42,Bowtie2 95,9992,8808,7,1177,0.9992058990357345,0.8821231847771658,0.9406645419064501,species,stool,0.9836325428604238,0.9529708461402574,0.81,4.0
43,Bowtie2 95,9992,8889,11,1092,0.9987640449438202,0.8905921250375713,0.9446780849906957,species,oral,0.979570890420534,0.9423030941900016,0.95,4.0
44,Bowtie2 95,9992,8557,2,1433,0.9997663278420377,0.8565565565565566,0.9281614421992972,species,skin,0.7624066994542361,0.7188292841658169,0.17,4.0
45,Bowtie2 98,9992,4832,0,5160,1.0,0.4835868694955965,0.7417934347477982,species,stool,0.9693215827854262,0.9281336365888099,0.56,4.0
46,Bowtie2 98,9992,4874,3,5115,0.9993848677465655,0.48793673040344376,0.7436607990750046,species,oral,0.9802486974856794,0.9391716127084216,0.87,4.0
47,Bowtie2 98,9992,4633,0,5359,1.0,0.4636709367493995,0.7318354683746997,species,skin,0.6728290478334011,0.6995967039443581,0.13,4.0
48,Bowtie2 98,9992,4690,4,5298,0.9991478483170004,0.4695634761714057,0.7343556622442031,species,stool,0.9997380982615193,0.9769919566464725,0.58,4.0
49,Bowtie2 98,9992,4888,1,5103,0.9997954591941092,0.4892403162846562,0.7445178877393827,species,oral,0.9938123986832431,0.9861172177192952,0.88,4.0
50,Bowtie2 98,9992,4697,1,5294,0.9997871434653044,0.47012311079971975,0.7349551271325121,species,skin,0.8423374768010714,0.7359754530071522,0.16,4.0
51,Bowtie2 98,9992,4740,3,5249,0.9993674889310563,0.47452197417158876,0.7369447315513226,species,stool,0.9880529493820323,0.96641273906788,0.59,4.0
52,Bowtie2 98,9992,4985,2,5005,0.9995989572889513,0.498998998998999,0.7492989781439752,species,oral,0.9722050633113707,0.8971230328582291,0.93,4.0
53,Bowtie2 98,9992,4769,1,5222,0.9997903563941299,0.4773295966369733,0.7385599765155516,species,skin,0.7966672405600853,0.7264852557989837,0.11,4.0
54,Bowtie2 98,9992,4850,2,5140,0.9995877988458368,0.4854854854854855,0.7425366421656612,species,stool,0.984990896947793,0.9480757652670116,0.57,4.0
55,Bowtie2 98,9992,4844,2,5146,0.9995872884853487,0.4848848848848849,0.7422360866851168,species,oral,0.9755515153661848,0.8960704240466231,0.9,4.0
56,Bowtie2 98,9992,4689,2,5301,0.9995736516734172,0.46936936936936935,0.7344715105213933,species,skin,0.7839529108199237,0.7339259574607161,0.14,4.0
57,Bowtie2 98,9992,4816,2,5174,0.9995848899958489,0.4820820820820821,0.7408334860389655,species,stool,0.9752844885932616,0.946756925744641,0.57,4.0
58,Bowtie2 98,9992,4875,2,5115,0.9995899118310436,0.487987987987988,0.7437889499095158,species,oral,0.9814738179357999,0.9185842078811303,0.88,4.0
59,Bowtie2 98,9992,4839,1,5152,0.9997933884297521,0.48433590231208085,0.7420646453709164,species,skin,0.7231669521288944,0.7262771820918608,0.14,4.0
60,Bowtie2 95,100047,88690,73,11284,0.9991775852551176,0.8871306539700322,0.9431541196125749,species,stool,0.9844729351489462,0.9706969699461584,1.0,5.0
61,Bowtie2 95,100047,90316,95,9636,0.9989492429018593,0.9035937249879943,0.9512714839449268,species,oral,0.9734317922184875,0.9044170209755126,0.9900990099009901,5.0
62,Bowtie2 95,100047,84126,14,15907,0.9998336106489185,0.8409824757829916,0.920408043215955,species,skin,0.9665590097912354,0.9161210992169513,0.6237623762376238,5.0
63,Bowtie2 95,100047,88828,54,11165,0.9993924529151009,0.8883421839528767,0.9438673184339887,species,stool,0.9996811732823213,0.9965928004617208,1.0,5.0
64,Bowtie2 95,100047,89477,90,10480,0.9989951656301986,0.895154916614144,0.9470750411221713,species,oral,0.9806039244240647,0.9266127243571463,0.9803921568627451,5.0
65,Bowtie2 95,100047,84716,14,15317,0.9998347692670837,0.8468805294252897,0.9233576493461867,species,skin,0.9844943677395134,0.9368199096418193,0.7128712871287128,5.0
66,Bowtie2 95,100047,88772,58,11217,0.9993470674321738,0.8878176599425937,0.9435823636873837,species,stool,0.9843808444181261,0.9705001456727985,1.0,5.0
67,Bowtie2 95,100047,89521,83,10443,0.999073702066872,0.895532391660998,0.947303046863935,species,oral,0.9796577425945968,0.9264218606390673,1.0,5.0
68,Bowtie2 95,100047,84554,16,15477,0.9998108076149935,0.8452779638312123,0.9225443857231029,species,skin,0.9777513926496675,0.9356608799260967,0.6470588235294118,5.0
69,Bowtie2 95,100047,88447,70,11530,0.9992091914547488,0.8846734748992269,0.9419413331769879,species,stool,0.9996811732823213,0.9960951615064094,1.0,5.0
70,Bowtie2 95,100047,89811,90,10146,0.9989988987886675,0.8984963534319758,0.9487476261103216,species,oral,0.9821898993119953,0.9489771596019975,1.0,5.0
71,Bowtie2 95,100047,84417,9,15621,0.99989339776846,0.8438493372518443,0.9218713675101522,species,skin,0.9965925789288179,0.9413957850593516,0.7029702970297029,5.0
72,Bowtie2 95,100047,88464,54,11529,0.9993899545855081,0.8847019291350394,0.9420459418602738,species,stool,0.9845189805143563,0.9715323524801017,1.0,5.0
73,Bowtie2 95,100047,89256,90,10701,0.9989926801423679,0.8929439659053393,0.9459683230238536,species,oral,0.9839892040226003,0.9490828903833344,1.0,5.0
74,Bowtie2 95,100047,84397,15,15635,0.9998223001468985,0.8437000159948816,0.9217611580708901,species,skin,0.9649206199281076,0.9182794328993359,0.6732673267326733,5.0
75,Bowtie2 98,100047,47541,20,52486,0.9995794873951347,0.47528167394803406,0.7374305806715844,species,stool,0.9996811732823213,0.994452289278162,1.0,5.0
76,Bowtie2 98,100047,49103,9,50935,0.9998167453982734,0.49084347947779844,0.7453301124380359,species,oral,0.9862970367882582,0.9486145612044048,1.0,5.0
77,Bowtie2 98,100047,47263,14,52770,0.9997038729191785,0.4724740835524277,0.7360889782358031,species,skin,0.9791980680452933,0.8923067587441841,0.45,5.0
78,Bowtie2 98,100047,47640,21,52386,0.9995593881790142,0.47627616819626895,0.7379177781876416,species,stool,0.9845995067870256,0.9695210805490826,1.0,5.0
79,Bowtie2 98,100047,49014,12,51021,0.999755231917758,0.4899685110211426,0.7448618714694503,species,oral,0.9934215927189449,0.9722650602246831,1.0,5.0
80,Bowtie2 98,100047,47276,11,52760,0.9997673779262799,0.4725898676476468,0.7361786227869633,species,skin,0.9270897285453034,0.8762167551606346,0.48514851485148514,5.0
81,Bowtie2 98,100047,47267,18,52762,0.9996193295971239,0.4725329654400224,0.7360761475185731,species,stool,0.9998405832699868,0.9928412557640599,1.0,5.0
82,Bowtie2 98,100047,48812,13,51222,0.9997337429595494,0.4879540956074935,0.7438439192835214,species,oral,0.9888309965779203,0.9489140164047046,1.0,5.0
83,Bowtie2 98,100047,47697,16,52334,0.9996646616226186,0.476822185122612,0.7382434233726153,species,skin,0.9784383946616387,0.8884107643514995,0.4411764705882353,5.0
84,Bowtie2 98,100047,47054,17,52976,0.9996388434492575,0.4703988803358992,0.7350188618925784,species,stool,0.9997267199562754,0.9918774502302493,1.0,5.0
85,Bowtie2 98,100047,48626,13,51408,0.9997327247681901,0.48609472779255053,0.7429137262803703,species,oral,0.9873803862532397,0.9484895268613127,1.0,5.0
86,Bowtie2 98,100047,47341,10,52696,0.9997888112183481,0.47323490308585825,0.7365118571521032,species,skin,0.9603352443861787,0.8899896534035064,0.44554455445544555,5.0
87,Bowtie2 98,100047,47908,23,52116,0.9995201435396716,0.47896504838838677,0.7392425959640292,species,stool,0.9709054796406326,0.9450346119686027,1.0,5.0
88,Bowtie2 98,100047,49157,12,50878,0.9997559437857186,0.4913980106962563,0.7455769772409875,species,oral,0.9950257811302281,0.9724658376368677,1.0,5.0
89,Bowtie2 98,100047,47673,6,52368,0.999874158434531,0.47653462080546977,0.7382043896200003,species,skin,0.9793908887632152,0.8933434067982547,0.44554455445544555,5.0
90,Bowtie2 95,999923,885690,597,113636,0.9993264032982544,0.8862873576790757,0.9428068804886651,species,stool,0.9997267199562754,0.999354780524667,0.9433962264150944,6.0
91,Bowtie2 95,999923,899195,977,99751,0.9989146518665322,0.9001437515140959,0.9495292016903141,species,oral,0.9740022181148945,0.9053738414955831,0.9523809523809523,6.0
92,Bowtie2 95,999923,844944,139,154840,0.9998355191146905,0.8451265473342242,0.9224810332244573,species,skin,0.9728049173402187,0.9783240934081723,0.9174311926605505,6.0
93,Bowtie2 95,999923,885299,640,113984,0.9992776026340414,0.8859342148320346,0.9426059087330381,species,stool,0.9997267199562754,0.9993495929528242,0.9433962264150944,6.0
94,Bowtie2 95,999923,898648,908,100367,0.9989906131469303,0.899534041030415,0.9492623270886726,species,oral,0.9742303884734572,0.9053654816305431,0.9523809523809523,6.0
95,Bowtie2 95,999923,846570,116,153237,0.9998629952544391,0.8467334195499732,0.9232982074022061,species,skin,0.9858333053424879,0.9785431663744741,0.9433962264150944,6.0
96,Bowtie2 95,999923,885659,621,113643,0.9992993184997969,0.8862776217800025,0.9427884701398996,species,stool,0.9997722666302294,0.9993702872551831,0.9803921568627451,6.0
97,Bowtie2 95,999923,899502,926,99495,0.9989716001723625,0.9004051063216406,0.9496883532470015,species,oral,0.9741163032941759,0.9053690943290257,0.9345794392523364,6.0
98,Bowtie2 95,999923,845009,125,154789,0.9998520944607601,0.8451797263047135,0.9225159103827367,species,skin,0.9849045383244138,0.9780050736073619,0.9433962264150944,6.0
99,Bowtie2 95,999923,885580,625,113718,0.9992947455724127,0.8862021138839465,0.9427484297281796,species,stool,0.9997267199562754,0.9993472903383676,0.970873786407767,6.0
100,Bowtie2 95,999923,896813,973,102137,0.9989162227969695,0.8977556434255969,0.9483359331112832,species,oral,0.9738501045425192,0.9053635308907032,0.9433962264150944,6.0
101,Bowtie2 95,999923,846079,133,153711,0.9998428289837534,0.8462567139099211,0.9230497714468373,species,skin,0.9725074449076829,0.9780014016844999,0.9433962264150944,6.0
102,Bowtie2 95,999923,884612,594,114717,0.9993289697539329,0.8852059732080226,0.9422674714809778,species,stool,0.9997267199562754,0.9992852025233705,0.9615384615384616,6.0
103,Bowtie2 95,999923,899117,940,99866,0.9989556216995146,0.9000323328825416,0.949493977291028,species,oral,0.9743064452596447,0.905371306463371,0.9523809523809523,6.0
104,Bowtie2 95,999923,846938,111,152874,0.9998689568135963,0.8470972542838053,0.9234831055487008,species,skin,0.9725074449076829,0.9786275217756575,0.9523809523809523,6.0
105,Bowtie2 98,999923,475135,227,524561,0.9995224691919,0.47527948496342887,0.7374009770776644,species,stool,0.9845650258797664,0.9736913613618375,0.9900990099009901,6.0
106,Bowtie2 98,999923,487358,144,512421,0.9997046165964447,0.4874657299263137,0.7435851732613792,species,oral,0.9994018803386854,0.99939781945834,0.9900990099009901,6.0
107,Bowtie2 98,999923,472930,105,526888,0.9997780291098968,0.4730160889281849,0.7363970590190408,species,skin,0.9692421329469915,0.9703468843193878,0.970873786407767,6.0
108,Bowtie2 98,999923,475004,198,524721,0.9995833350869735,0.47513466203205884,0.7373589985595161,species,stool,0.9896934111626009,0.9987329775200059,1.0,6.0
109,Bowtie2 98,999923,488621,159,511143,0.999674700274152,0.4887363417766593,0.7442055210254056,species,oral,0.979891525493911,0.9275926687301758,0.9803921568627451,6.0
110,Bowtie2 98,999923,473638,113,526172,0.9997614780760358,0.4737280083215811,0.7367447431988084,species,skin,0.9723999095378338,0.9703166091504561,0.9803921568627451,6.0
111,Bowtie2 98,999923,474369,211,525343,0.9995553963504572,0.4745056576293973,0.7370305269899272,species,stool,0.9803316185187901,0.9987409956888462,0.970873786407767,6.0
112,Bowtie2 98,999923,488450,152,511321,0.9996889083548574,0.4885618806706736,0.7441253945127655,species,oral,0.9944722964262799,0.9745474215124229,0.970873786407767,6.0
113,Bowtie2 98,999923,473272,111,526540,0.9997655175618896,0.4733609918664709,0.7365632547141803,species,skin,0.9859272766303134,0.9830806142813988,0.9803921568627451,6.0
114,Bowtie2 98,999923,474388,220,525315,0.9995364595624179,0.47452893509372285,0.7370326973280703,species,stool,0.9846110712451762,0.9736955939268652,0.9900990099009901,6.0
115,Bowtie2 98,999923,489548,146,510229,0.9997018546275838,0.4896571935541626,0.7446795240908732,species,oral,0.9943597210290656,0.9745403675809683,0.9900990099009901,6.0
116,Bowtie2 98,999923,474221,100,525602,0.999789172311578,0.47430495197649986,0.7370470621440389,species,skin,0.9689692552117498,0.970363232000481,0.970873786407767,6.0
117,Bowtie2 98,999923,474461,182,525280,0.9996165539152584,0.4745839172345638,0.7371002355749111,species,stool,0.9997722666302294,0.9989138063952593,1.0,6.0
118,Bowtie2 98,999923,489599,183,510141,0.9996263643825212,0.4897263288454998,0.7446763466140105,species,oral,0.9994766452963496,0.999396364239837,0.9803921568627451,6.0
119,Bowtie2 98,999923,474228,99,525596,0.9997912832286587,0.47431147882027236,0.7370513810244655,species,skin,0.9877163592432533,0.9839963004039025,0.9615384615384616,6.0
120,Bowtie2 95,10000001,8858905,6179,1134917,0.9993029958881382,0.8864381414838087,0.9428705686859735,species,stool,0.9896032402484344,0.9999403655158047,0.7751937984496124,7.0
121,Bowtie2 95,10000001,8984500,9453,1006048,0.9989489604848947,0.8993000183773703,0.9491244894311325,species,oral,0.9741163032941759,0.9053492998125027,0.746268656716418,7.0
122,Bowtie2 95,10000001,8455917,1300,1542784,0.9998462851313854,0.8457015566322065,0.922773920881796,species,skin,0.9610495035935381,0.9837440969014738,0.847457627118644,7.0
123,Bowtie2 98,10000001,4749547,2052,5248402,0.999568145375904,0.47505213319251777,0.7373101392842109,species,stool,0.9716378131538491,0.9991560844700221,0.8547008547008547,7.0
124,Bowtie2 98,10000001,4883380,1598,5115023,0.9996728746782483,0.48841600003520563,0.744044437356727,species,oral,0.9895615873920304,0.9996372464180228,0.8620689655172413,7.0
125,Bowtie2 98,10000001,4739575,1104,5259322,0.9997671219671275,0.4740097832790957,0.7368884526231116,species,skin,0.9881292803590925,0.9968769690662996,0.9009009009009009,7.0
