	strain	fasta_depth	log_fasta_depth	taxa_hits	tp	fp	aligner	hit_rate	precision	recall
0	kpneumoniae	316642	5	63206.0	47483.0	15723.0	bowtie2	0.19961344357349942	0.7512419706989842	0.1499579967281662
1	ecoli	91	1	88.0	88.0	0.0	bowtie2	0.967032967032967	1.0	0.967032967032967
2	kpneumoniae	3199	3	647.0	537.0	110.0	bowtie2	0.20225070334479525	0.8299845440494591	0.1678649577993123
3	ecoli	105	2	104.0	104.0	0.0	bowtie2	0.9904761904761905	1.0	0.9904761904761905
4	saureus	265531	5	178840.0	177358.0	1482.0	bowtie2	0.6735183462571225	0.9917132632520689	0.6679370770267878
5	kpneumoniae	3102	3	498.0	471.0	27.0	bowtie2	0.16054158607350097	0.9457831325301205	0.1518375241779497
6	ecoli	9109	3	8892.0	8822.0	70.0	bowtie2	0.9761774069601493	0.99212775528565	0.9684926995279394
7	kpneumoniae	315638	5	63215.0	47584.0	15631.0	bowtie2	0.20027689948612018	0.7527327374831922	0.15075497880483338
8	ecoli	91918	4	89636.0	88925.0	711.0	bowtie2	0.9751735242281163	0.9920679191396314	0.9674383689810483
9	ecoli	91859	4	89451.0	88712.0	739.0	bowtie2	0.9737859110157959	0.9917384937004617	0.9657409725775373
10	kpneumoniae	316	2	54.0	54.0	0.0	bowtie2	0.17088607594936708	1.0	0.17088607594936708
11	ecoli	9241	3	8972.0	8895.0	77.0	bowtie2	0.9708905962558164	0.991417744092733	0.9625581647007899
12	saureus	282	2	180.0	180.0	0.0	bowtie2	0.6382978723404256	1.0	0.6382978723404256
13	kpneumoniae	31771	4	6233.0	4687.0	1546.0	bowtie2	0.19618520033993264	0.751965345740414	0.14752447200276983
14	saureus	26657	4	17897.0	17860.0	37.0	bowtie2	0.6713808755673932	0.9979326144046489	0.6699928724162509
15	saureus	2651	3	1761.0	1756.0	5.0	bowtie2	0.6642776310826103	0.997160704145372	0.6623915503583553
16	kpneumoniae	3138	3	498.0	498.0	0.0	bowtie2	0.1586998087954111	1.0	0.1586998087954111
17	saureus	26378	4	17713.0	17579.0	134.0	bowtie2	0.6715065584957162	0.9924349347936544	0.6664265675942073
18	ecoli	9206	3	8992.0	8922.0	70.0	bowtie2	0.9767542906799913	0.9922153024911032	0.9691505539865305
19	saureus	26621	4	17738.0	17694.0	44.0	bowtie2	0.6663160662634762	0.9975194497688579	0.6646632357912926
20	ecoli	923	2	897.0	897.0	0.0	bowtie2	0.971830985915493	1.0	0.971830985915493
21	ecoli	9111	3	8861.0	8788.0	73.0	bowtie2	0.9725606409834266	0.9917616521837265	0.9645483481505872
22	kpneumoniae	315865	5	63246.0	47481.0	15765.0	bowtie2	0.20023111139252528	0.750735224362015	0.15032054833552308
23	ecoli	909	2	878.0	878.0	0.0	bowtie2	0.9658965896589659	1.0	0.9658965896589659
24	ecoli	9158	3	8931.0	8849.0	82.0	bowtie2	0.9752129285870277	0.9908184973687157	0.9662590085171435
25	kpneumoniae	3160251	6	633909.0	475802.0	158107.0	bowtie2	0.20058818112865084	0.7505840743702961	0.15055829426206968
26	kpneumoniae	3043	3	572.0	478.0	94.0	bowtie2	0.1879723956621755	0.8356643356643356	0.15708182714426552
27	ecoli	91786	4	89347.0	88655.0	692.0	bowtie2	0.973427320070599	0.9922549162255028	0.9658880439282679
28	saureus	269	2	179.0	179.0	0.0	bowtie2	0.6654275092936803	1.0	0.6654275092936803
29	saureus	2551	3	1704.0	1704.0	0.0	bowtie2	0.6679733437867503	1.0	0.6679733437867503
30	kpneumoniae	315435	5	63394.0	47509.0	15885.0	bowtie2	0.20097325915006262	0.7494242357320882	0.15061423114112257
31	saureus	2655	3	1807.0	1807.0	0.0	bowtie2	0.6806026365348399	1.0	0.6806026365348399
32	ecoli	899	2	883.0	870.0	13.0	bowtie2	0.982202447163515	0.9852774631936579	0.967741935483871
33	kpneumoniae	31613	4	6359.0	4724.0	1635.0	bowtie2	0.20115142504665803	0.7428841012737852	0.1494321956157277
34	saureus	266053	5	179417.0	177905.0	1512.0	bowtie2	0.674365633915047	0.9915727049276267	0.6686825557313768
35	saureus	265094	5	178476.0	176899.0	1577.0	bowtie2	0.6732555244554762	0.9911640780833277	0.6673066912114194
36	ecoli	76	1	74.0	74.0	0.0	bowtie2	0.9736842105263158	1.0	0.9736842105263158
37	ecoli	86	1	85.0	85.0	0.0	bowtie2	0.9883720930232558	1.0	0.9883720930232558
38	saureus	266112	5	179350.0	178104.0	1246.0	bowtie2	0.6739643458393458	0.993052690270421	0.6692821067821068
39	saureus	26760	4	17937.0	17875.0	62.0	bowtie2	0.6702914798206278	0.9965434576573563	0.6679745889387145
40	saureus	2656	3	1804.0	1804.0	0.0	bowtie2	0.6792168674698795	1.0	0.6792168674698795
41	kpneumoniae	31410	4	6526.0	4898.0	1628.0	bowtie2	0.20776822667940145	0.750536316273368	0.1559375994906081
42	kpneumoniae	327	2	57.0	57.0	0.0	bowtie2	0.1743119266055046	1.0	0.1743119266055046
43	ecoli	92073	4	89767.0	89027.0	740.0	bowtie2	0.9749546555450567	0.9917564361068099	0.9669175545491078
44	kpneumoniae	3187	3	550.0	472.0	78.0	bowtie2	0.1725760903671164	0.8581818181818182	0.14810166300596173
45	ecoli	951	2	921.0	921.0	0.0	bowtie2	0.9684542586750788	1.0	0.9684542586750788
46	saureus	250	2	164.0	164.0	0.0	bowtie2	0.656	1.0	0.656
47	kpneumoniae	303	2	41.0	41.0	0.0	bowtie2	0.1353135313531353	1.0	0.1353135313531353
48	ecoli	918660	5	893755.0	886687.0	7068.0	bowtie2	0.9728898613197483	0.9920917924934686	0.9651960464154312
49	kpneumoniae	31553	4	6252.0	4836.0	1416.0	bowtie2	0.19814280734003106	0.7735124760076776	0.15326593350869966
50	saureus	266266	5	179092.0	177853.0	1239.0	bowtie2	0.672605589898823	0.9930817680298394	0.6679523484034762
51	saureus	26555	4	17787.0	17746.0	41.0	bowtie2	0.6698173601958199	0.9976949457468938	0.6682733948408962
52	ecoli	84	1	82.0	82.0	0.0	bowtie2	0.9761904761904762	1.0	0.9761904761904762
53	saureus	301	2	210.0	210.0	0.0	bowtie2	0.6976744186046512	1.0	0.6976744186046512
54	kpneumoniae	31846	4	6475.0	4905.0	1570.0	bowtie2	0.20332223827168247	0.7575289575289575	0.15402248320040193
55	kpneumoniae	312	2	44.0	44.0	0.0	bowtie2	0.14102564102564102	1.0	0.14102564102564102
56	kpneumoniae	329	2	54.0	54.0	0.0	bowtie2	0.1641337386018237	1.0	0.1641337386018237
57	ecoli	952	2	928.0	928.0	0.0	bowtie2	0.9747899159663865	1.0	0.9747899159663865
58	saureus	271	2	183.0	183.0	0.0	bowtie2	0.6752767527675276	1.0	0.6752767527675276
59	ecoli	91939	4	89541.0	88836.0	705.0	bowtie2	0.9739174887697277	0.9921265118772405	0.9662493609893517
60	kpneumoniae	315975	5	63220.0	47360.0	15860.0	bowtie2	0.20007912018355883	0.7491300221448909	0.1498852757338397
61	saureus	2659611	6	1798363.0	1778937.0	19426.0	bowtie2	0.676175200057452	0.989197953916979	0.6688711243862354
62	saureus	2576	3	1788.0	1788.0	0.0	bowtie2	0.6940993788819876	1.0	0.6940993788819876
63	kpneumoniae	316642	5	134364.0	107379.0	26985.0	utree	0.42434042230657965	0.7991649548986336	0.33911799445430485
64	ecoli	91	1	87.0	87.0	0.0	utree	0.9560439560439561	1.0	0.9560439560439561
65	kpneumoniae	3199	3	1236.0	1116.0	120.0	utree	0.3863707408565177	0.9029126213592233	0.3488590184432635
66	ecoli	105	2	105.0	105.0	0.0	utree	1.0	1.0	1.0
67	saureus	265531	5	229411.0	229411.0	0.0	utree	0.8639706851554055	1.0	0.8639706851554055
68	kpneumoniae	3102	3	1093.0	1067.0	26.0	utree	0.3523533204384268	0.9762122598353157	0.34397163120567376
69	ecoli	9109	3	8754.0	8650.0	104.0	utree	0.9610275551652212	0.9881197167009367	0.9496102755516522
70	kpneumoniae	315638	5	134629.0	107663.0	26966.0	utree	0.42652975877429206	0.7997014016296637	0.34109644592856375
71	ecoli	91918	4	88039.0	87044.0	995.0	utree	0.9577993428925782	0.9886981905746317	0.9469744772514632
72	ecoli	91859	4	87907.0	86865.0	1042.0	utree	0.9569775416671202	0.9881465639823905	0.9456340696066798
73	kpneumoniae	316	2	114.0	114.0	0.0	utree	0.36075949367088606	1.0	0.36075949367088606
74	ecoli	9241	3	8904.0	8798.0	106.0	utree	0.9635320852721567	0.9880952380952381	0.9520614652093929
75	saureus	282	2	235.0	235.0	0.0	utree	0.8333333333333334	1.0	0.8333333333333334
76	kpneumoniae	31771	4	13424.0	10761.0	2663.0	utree	0.42252368512165184	0.8016239570917759	0.33870510843221807
77	saureus	26657	4	23028.0	23028.0	0.0	utree	0.8638631503920171	1.0	0.8638631503920171
78	saureus	2651	3	2286.0	2286.0	0.0	utree	0.8623161071293851	1.0	0.8623161071293851
79	kpneumoniae	3138	3	1082.0	1082.0	0.0	utree	0.34480560866794135	1.0	0.34480560866794135
80	saureus	26378	4	22741.0	22741.0	0.0	utree	0.8621199484418833	1.0	0.8621199484418833
81	ecoli	9206	3	8813.0	8725.0	88.0	utree	0.957310449706713	0.9900147509361171	0.9477514664349337
82	saureus	26621	4	22962.0	22962.0	0.0	utree	0.8625521205063672	1.0	0.8625521205063672
83	ecoli	923	2	872.0	872.0	0.0	utree	0.9447453954496208	1.0	0.9447453954496208
84	ecoli	9111	3	8672.0	8560.0	112.0	utree	0.9518164855668971	0.9870848708487084	0.9395236527274723
85	kpneumoniae	315865	5	134253.0	107250.0	27003.0	utree	0.425032846310924	0.7988648298362048	0.33954379244297406
86	ecoli	909	2	849.0	849.0	0.0	utree	0.933993399339934	1.0	0.933993399339934
87	ecoli	9158	3	8773.0	8665.0	108.0	utree	0.9579602533304215	0.9876895018807705	0.9461672854335008
88	kpneumoniae	3160251	6	1347328.0	1075211.0	272117.0	utree	0.4263357562421466	0.7980321050256508	0.34022962100162296
89	kpneumoniae	3043	3	1144.0	1049.0	95.0	utree	0.375944791324351	0.916958041958042	0.34472559973710154
90	ecoli	91786	4	87751.0	86764.0	987.0	utree	0.9560390473492689	0.9887522649314537	0.945285773429499
91	saureus	269	2	235.0	235.0	0.0	utree	0.8736059479553904	1.0	0.8736059479553904
92	saureus	2551	3	2212.0	2212.0	0.0	utree	0.8671109368874951	1.0	0.8671109368874951
93	kpneumoniae	315435	5	134054.0	107019.0	27035.0	utree	0.4249813749266885	0.7983275396482015	0.3392743354415331
94	saureus	2655	3	2324.0	2324.0	0.0	utree	0.8753295668549906	1.0	0.8753295668549906
95	ecoli	899	2	871.0	855.0	16.0	utree	0.9688542825361512	0.981630309988519	0.9510567296996663
96	kpneumoniae	31613	4	13354.0	10659.0	2695.0	utree	0.4224211558536045	0.7981878088962109	0.3371714168221934
97	saureus	266053	5	229859.0	229859.0	0.0	utree	0.8639594366535991	1.0	0.8639594366535991
98	saureus	265094	5	228853.0	228853.0	0.0	utree	0.8632900027914626	1.0	0.8632900027914626
99	ecoli	76	1	74.0	74.0	0.0	utree	0.9736842105263158	1.0	0.9736842105263158
100	ecoli	86	1	78.0	78.0	0.0	utree	0.9069767441860465	1.0	0.9069767441860465
101	saureus	266112	5	229975.0	229975.0	0.0	utree	0.8642037938912939	1.0	0.8642037938912939
102	saureus	26760	4	23032.0	23032.0	0.0	utree	0.8606875934230195	1.0	0.8606875934230195
103	saureus	2656	3	2323.0	2323.0	0.0	utree	0.8746234939759037	1.0	0.8746234939759037
104	kpneumoniae	31410	4	13641.0	10841.0	2800.0	utree	0.43428844317096466	0.7947364562715343	0.34514485832537406
105	kpneumoniae	327	2	112.0	112.0	0.0	utree	0.3425076452599388	1.0	0.3425076452599388
106	ecoli	92073	4	88251.0	87204.0	1047.0	utree	0.9584894594506533	0.9881361117721046	0.9471180476361148
107	kpneumoniae	3187	3	1227.0	1150.0	77.0	utree	0.3850015688735488	0.9372453137734311	0.3608409162221525
108	ecoli	951	2	903.0	903.0	0.0	utree	0.9495268138801262	1.0	0.9495268138801262
109	saureus	250	2	214.0	214.0	0.0	utree	0.856	1.0	0.856
110	kpneumoniae	303	2	106.0	106.0	0.0	utree	0.34983498349834985	1.0	0.34983498349834985
111	ecoli	918660	5	879573.0	869406.0	10167.0	utree	0.9574521585787995	0.9884409821583883	0.9463849519952975
112	kpneumoniae	31553	4	13545.0	10971.0	2574.0	utree	0.42927772319589264	0.8099667774086379	0.3477006940702944
113	saureus	266266	5	230128.0	230128.0	0.0	utree	0.8642785785642928	1.0	0.8642785785642928
114	saureus	26555	4	22967.0	22967.0	0.0	utree	0.8648842025983807	1.0	0.8648842025983807
115	ecoli	84	1	83.0	83.0	0.0	utree	0.9880952380952381	1.0	0.9880952380952381
116	saureus	301	2	269.0	269.0	0.0	utree	0.893687707641196	1.0	0.893687707641196
117	kpneumoniae	31846	4	13622.0	10837.0	2785.0	utree	0.4277460277585882	0.7955513140508002	0.3402939144633549
118	kpneumoniae	312	2	106.0	106.0	0.0	utree	0.33974358974358976	1.0	0.33974358974358976
119	kpneumoniae	329	2	114.0	114.0	0.0	utree	0.3465045592705167	1.0	0.3465045592705167
120	ecoli	952	2	897.0	897.0	0.0	utree	0.9422268907563025	1.0	0.9422268907563025
121	saureus	271	2	233.0	233.0	0.0	utree	0.8597785977859779	1.0	0.8597785977859779
122	ecoli	91939	4	88063.0	87034.0	1029.0	utree	0.9578416123734215	0.9883151834482132	0.9466494088471704
123	kpneumoniae	315975	5	134944.0	107446.0	27498.0	utree	0.42707176200648783	0.7962265828788239	0.3400458897064641
124	saureus	2659611	6	2298603.0	2298603.0	0.0	utree	0.8642628564854034	1.0	0.8642628564854034
125	saureus	2576	3	2268.0	2268.0	0.0	utree	0.8804347826086957	1.0	0.8804347826086957
126	kpneumoniae	316642	5	65892.0	49198.0	16694.0	burst-capitalist	0.2080962095994846	0.7466460268317854	0.1553742080962096
127	ecoli	91	1	88.0	88.0	0.0	burst-capitalist	0.967032967032967	1.0	0.967032967032967
128	kpneumoniae	3199	3	662.0	542.0	120.0	burst-capitalist	0.20693966864645202	0.8187311178247734	0.16942794623319787
129	ecoli	105	2	105.0	105.0	0.0	burst-capitalist	1.0	1.0	1.0
130	saureus	265531	5	186284.0	181230.0	5054.0	burst-capitalist	0.7015527377217726	0.9728693822335789	0.6825191785516569
131	kpneumoniae	3102	3	591.0	496.0	95.0	burst-capitalist	0.19052224371373308	0.8392554991539763	0.15989684074790458
132	ecoli	9109	3	8947.0	8880.0	67.0	burst-capitalist	0.9822153913711714	0.9925114563540852	0.9748600285431991
133	kpneumoniae	315638	5	65809.0	49356.0	16453.0	burst-capitalist	0.20849517485220412	0.749988603382516	0.15636900499939804
134	ecoli	91918	4	90392.0	89707.0	685.0	burst-capitalist	0.9833982462629736	0.9924218957429861	0.9759459518266281
135	ecoli	91859	4	90264.0	89551.0	713.0	burst-capitalist	0.9826364319228382	0.992100948329345	0.9748745359736117
136	kpneumoniae	316	2	56.0	56.0	0.0	burst-capitalist	0.17721518987341772	1.0	0.17721518987341772
137	ecoli	9241	3	9090.0	9014.0	76.0	burst-capitalist	0.9836597770804025	0.9916391639163916	0.9754355589221946
138	saureus	282	2	178.0	178.0	0.0	burst-capitalist	0.6312056737588653	1.0	0.6312056737588653
139	kpneumoniae	31771	4	6498.0	4904.0	1594.0	burst-capitalist	0.20452614019073997	0.7546937519236688	0.15435460010701582
140	saureus	26657	4	18287.0	18248.0	39.0	burst-capitalist	0.6860111790524065	0.9978673374528354	0.6845481487039051
141	saureus	2651	3	1798.0	1792.0	6.0	burst-capitalist	0.6782346284420974	0.996662958843159	0.6759713315729913
142	kpneumoniae	3138	3	523.0	523.0	0.0	burst-capitalist	0.16666666666666666	1.0	0.16666666666666666
143	saureus	26378	4	18359.0	17970.0	389.0	burst-capitalist	0.6959966638865721	0.9788114821068685	0.6812495261202517
144	ecoli	9206	3	9050.0	8985.0	65.0	burst-capitalist	0.9830545296545731	0.992817679558011	0.9759939170106452
145	saureus	26621	4	18073.0	18028.0	45.0	burst-capitalist	0.6789001164494196	0.9975100979361479	0.6772097216483227
146	ecoli	923	2	902.0	902.0	0.0	burst-capitalist	0.9772481040086674	1.0	0.9772481040086674
147	ecoli	9111	3	8934.0	8865.0	69.0	burst-capitalist	0.9805729338162661	0.9922766957689725	0.9729996707276918
148	kpneumoniae	315865	5	66036.0	49469.0	16567.0	burst-capitalist	0.20906399886027258	0.7491216911987401	0.15661437639497885
149	ecoli	909	2	887.0	887.0	0.0	burst-capitalist	0.9757975797579758	1.0	0.9757975797579758
150	ecoli	9158	3	9010.0	8926.0	84.0	burst-capitalist	0.9838392662153309	0.9906770255271921	0.9746669578510592
151	kpneumoniae	3160251	6	661053.0	494074.0	166979.0	burst-capitalist	0.20917737230365563	0.7474045197586275	0.15634011349098537
152	kpneumoniae	3043	3	575.0	480.0	95.0	burst-capitalist	0.18895826487019388	0.8347826086956521	0.15773907328294445
153	ecoli	91786	4	90207.0	89516.0	691.0	burst-capitalist	0.9827969407099122	0.9923398405888678	0.9752685594753012
154	saureus	269	2	181.0	181.0	0.0	burst-capitalist	0.6728624535315985	1.0	0.6728624535315985
155	saureus	2551	3	1740.0	1740.0	0.0	burst-capitalist	0.6820854566836535	1.0	0.6820854566836535
156	kpneumoniae	315435	5	65840.0	49322.0	16518.0	burst-capitalist	0.20872763009811848	0.7491190765492102	0.15636184950940765
157	saureus	2655	3	1842.0	1842.0	0.0	burst-capitalist	0.6937853107344633	1.0	0.6937853107344633
158	ecoli	899	2	888.0	875.0	13.0	burst-capitalist	0.9877641824249166	0.9853603603603603	0.9733036707452726
159	kpneumoniae	31613	4	6594.0	4936.0	1658.0	burst-capitalist	0.20858507575997218	0.748559296329997	0.15613829753582387
160	saureus	266053	5	186822.0	181732.0	5090.0	burst-capitalist	0.7021984341465798	0.9727548147434456	0.6830669077213939
161	saureus	265094	5	185956.0	180735.0	5221.0	burst-capitalist	0.7014719307113703	0.9719234657660952	0.6817770300346292
162	ecoli	76	1	74.0	74.0	0.0	burst-capitalist	0.9736842105263158	1.0	0.9736842105263158
163	ecoli	86	1	85.0	85.0	0.0	burst-capitalist	0.9883720930232558	1.0	0.9883720930232558
164	saureus	266112	5	185649.0	182039.0	3610.0	burst-capitalist	0.6976348304473304	0.9805547026916385	0.6840691137566137
165	saureus	26760	4	18584.0	18253.0	331.0	burst-capitalist	0.6944693572496263	0.9821889797675419	0.6821001494768311
166	saureus	2656	3	1823.0	1823.0	0.0	burst-capitalist	0.6863704819277109	1.0	0.6863704819277109
167	kpneumoniae	31410	4	6812.0	5068.0	1744.0	burst-capitalist	0.2168736071314868	0.7439812096300646	0.16134988857051893
168	kpneumoniae	327	2	59.0	59.0	0.0	burst-capitalist	0.18042813455657492	1.0	0.18042813455657492
169	ecoli	92073	4	90548.0	89817.0	731.0	burst-capitalist	0.9834370553799703	0.9919269337809781	0.9754977029096478
170	kpneumoniae	3187	3	525.0	496.0	29.0	burst-capitalist	0.16473172262315658	0.9447619047619048	0.15563225604016317
171	ecoli	951	2	927.0	927.0	0.0	burst-capitalist	0.9747634069400631	1.0	0.9747634069400631
172	saureus	250	2	165.0	165.0	0.0	burst-capitalist	0.66	1.0	0.66
173	kpneumoniae	303	2	44.0	44.0	0.0	burst-capitalist	0.14521452145214522	1.0	0.14521452145214522
174	ecoli	918660	5	903120.0	896258.0	6862.0	burst-capitalist	0.9830840572137679	0.9924018956506334	0.9756144819628589
175	kpneumoniae	31553	4	6570.0	4999.0	1571.0	burst-capitalist	0.20822108832757583	0.760882800608828	0.15843184483250405
176	saureus	266266	5	185391.0	181695.0	3696.0	burst-capitalist	0.696262384232309	0.9800637571403142	0.6823815282461899
177	saureus	26555	4	18179.0	18137.0	42.0	burst-capitalist	0.6845791752965543	0.9976896418944936	0.6829975522500471
178	ecoli	84	1	82.0	82.0	0.0	burst-capitalist	0.9761904761904762	1.0	0.9761904761904762
179	saureus	301	2	212.0	212.0	0.0	burst-capitalist	0.7043189368770764	1.0	0.7043189368770764
180	kpneumoniae	31846	4	6760.0	5029.0	1731.0	burst-capitalist	0.2122715568674245	0.7439349112426036	0.1579162218174967
181	kpneumoniae	312	2	47.0	47.0	0.0	burst-capitalist	0.15064102564102563	1.0	0.15064102564102563
182	kpneumoniae	329	2	55.0	55.0	0.0	burst-capitalist	0.16717325227963525	1.0	0.16717325227963525
183	ecoli	952	2	933.0	933.0	0.0	burst-capitalist	0.9800420168067226	1.0	0.9800420168067226
184	saureus	271	2	185.0	185.0	0.0	burst-capitalist	0.6826568265682657	1.0	0.6826568265682657
185	ecoli	91939	4	90390.0	89694.0	696.0	burst-capitalist	0.9831518724371594	0.9923000331895121	0.9755816356497242
186	kpneumoniae	315975	5	65890.0	49232.0	16658.0	burst-capitalist	0.20852915578764142	0.7471847017756867	0.15580979507872458
187	saureus	2659611	6	1873531.0	1817096.0	56435.0	burst-capitalist	0.704437979839909	0.9698777335416388	0.6832187113077814
188	saureus	2576	3	1825.0	1825.0	0.0	burst-capitalist	0.7084627329192547	1.0	0.7084627329192547
189	kpneumoniae	316642	5	64203.0	49086.0	15117.0	burst-lca	0.20276210989066518	0.7645437129106116	0.1550204963333986
190	ecoli	91	1	88.0	88.0	0.0	burst-lca	0.967032967032967	1.0	0.967032967032967
191	kpneumoniae	3199	3	649.0	548.0	101.0	burst-lca	0.2028758987183495	0.8443759630200308	0.1713035323538606
192	ecoli	105	2	105.0	105.0	0.0	burst-lca	1.0	1.0	1.0
193	saureus	265531	5	181101.0	177054.0	4047.0	burst-lca	0.682033359570069	0.9776533536534862	0.666792201287232
194	kpneumoniae	3102	3	522.0	495.0	27.0	burst-lca	0.16827852998065765	0.9482758620689655	0.1595744680851064
195	ecoli	9109	3	8846.0	8783.0	63.0	burst-lca	0.97112745636184	0.9928781370110784	0.9642112196728511
196	kpneumoniae	315638	5	64455.0	49283.0	15172.0	burst-lca	0.20420545054777942	0.7646109688930262	0.15613772739657455
197	ecoli	91918	4	88966.0	88324.0	642.0	burst-lca	0.9678844187210339	0.9927837600881235	0.9608999325485759
198	ecoli	91859	4	88665.0	87994.0	671.0	burst-lca	0.9652293188473638	0.9924321885749732	0.95792464538042
199	kpneumoniae	316	2	55.0	55.0	0.0	burst-lca	0.17405063291139242	1.0	0.17405063291139242
200	ecoli	9241	3	8957.0	8885.0	72.0	burst-lca	0.9692673953035386	0.9919615942838004	0.9614760307326047
201	saureus	282	2	179.0	179.0	0.0	burst-lca	0.6347517730496454	1.0	0.6347517730496454
202	kpneumoniae	31771	4	6338.0	4866.0	1472.0	burst-lca	0.19949010103553555	0.7677500788892395	0.15315854080765479
203	saureus	26657	4	17872.0	17833.0	39.0	burst-lca	0.6704430356004052	0.9978178155774395	0.6689800052519038
204	saureus	2651	3	1759.0	1753.0	6.0	burst-lca	0.6635231987929083	0.9965889710062535	0.6612599019238024
205	kpneumoniae	3138	3	524.0	524.0	0.0	burst-lca	0.16698534098151688	1.0	0.16698534098151688
206	saureus	26378	4	17801.0	17543.0	258.0	burst-lca	0.6748426719235727	0.9855064322229088	0.6650617939191751
207	ecoli	9206	3	8877.0	8817.0	60.0	burst-lca	0.9642624375407343	0.9932409597837107	0.9577449489463393
208	saureus	26621	4	17686.0	17641.0	45.0	burst-lca	0.6643627211599865	0.9974556146104263	0.6626723263588896
209	ecoli	923	2	886.0	886.0	0.0	burst-lca	0.9599133261105092	1.0	0.9599133261105092
210	ecoli	9111	3	8831.0	8766.0	65.0	burst-lca	0.9692679179014378	0.9926395651681577	0.9621336845571288
211	kpneumoniae	315865	5	64409.0	49289.0	15120.0	burst-lca	0.20391306412549665	0.7652501979537021	0.15604451268738226
212	ecoli	909	2	887.0	887.0	0.0	burst-lca	0.9757975797579758	1.0	0.9757975797579758
213	ecoli	9158	3	8838.0	8762.0	76.0	burst-lca	0.9650578728980127	0.9914007694048427	0.9567591177112906
214	kpneumoniae	3160251	6	645881.0	492935.0	152946.0	burst-lca	0.20437648781694873	0.7631978646221208	0.15597969908086415
215	kpneumoniae	3043	3	551.0	479.0	72.0	burst-lca	0.18107131120604666	0.8693284936479129	0.157410450213605
216	ecoli	91786	4	88714.0	88072.0	642.0	burst-lca	0.9665308434837557	0.992763261717429	0.9595363127274312
217	saureus	269	2	182.0	182.0	0.0	burst-lca	0.6765799256505576	1.0	0.6765799256505576
218	saureus	2551	3	1700.0	1700.0	0.0	burst-lca	0.6664053312426499	1.0	0.6664053312426499
219	kpneumoniae	315435	5	64380.0	49145.0	15235.0	burst-lca	0.2040991012411432	0.7633581857719789	0.15580071964113051
220	saureus	2655	3	1804.0	1804.0	0.0	burst-lca	0.6794726930320151	1.0	0.6794726930320151
221	ecoli	899	2	879.0	866.0	13.0	burst-lca	0.9777530589543938	0.9852104664391353	0.9632925472747497
222	kpneumoniae	31613	4	6458.0	4920.0	1538.0	burst-lca	0.204283048113118	0.7618457726850418	0.15563217663619397
223	saureus	266053	5	181586.0	177575.0	4011.0	burst-lca	0.6825181448809072	0.9779112927208045	0.6674422013658933
224	saureus	265094	5	180617.0	176504.0	4113.0	burst-lca	0.681331904909202	0.977228057159625	0.6658166537152859
225	ecoli	76	1	74.0	74.0	0.0	burst-lca	0.9736842105263158	1.0	0.9736842105263158
226	ecoli	86	1	85.0	85.0	0.0	burst-lca	0.9883720930232558	1.0	0.9883720930232558
227	saureus	266112	5	179914.0	177797.0	2117.0	burst-lca	0.6760837542087542	0.988233267005347	0.6681284571909571
228	saureus	26760	4	17908.0	17820.0	88.0	burst-lca	0.6692077727952167	0.995085995085995	0.6659192825112108
229	saureus	2656	3	1799.0	1799.0	0.0	burst-lca	0.6773343373493976	1.0	0.6773343373493976
230	kpneumoniae	31410	4	6637.0	5060.0	1577.0	burst-lca	0.21130213307863738	0.7623926472803978	0.16109519261381725
231	kpneumoniae	327	2	61.0	61.0	0.0	burst-lca	0.18654434250764526	1.0	0.18654434250764526
232	ecoli	92073	4	89051.0	88367.0	684.0	burst-lca	0.9671782172841116	0.9923190082087793	0.9597493293365047
233	kpneumoniae	3187	3	565.0	491.0	74.0	burst-lca	0.1772827110134923	0.8690265486725663	0.1540633824913712
234	ecoli	951	2	912.0	912.0	0.0	burst-lca	0.9589905362776026	1.0	0.9589905362776026
235	saureus	250	2	162.0	162.0	0.0	burst-lca	0.648	1.0	0.648
236	kpneumoniae	303	2	45.0	45.0	0.0	burst-lca	0.1485148514851485	1.0	0.1485148514851485
237	ecoli	918660	5	887571.0	881176.0	6395.0	burst-lca	0.9661583175494742	0.9927949426017749	0.9591970914157577
238	kpneumoniae	31553	4	6378.0	5008.0	1370.0	burst-lca	0.20213608848603937	0.7851991219818125	0.15871707920007605
239	saureus	266266	5	179641.0	177495.0	2146.0	burst-lca	0.6746674378253326	0.9880539520488084	0.6666078282619636
240	saureus	26555	4	17763.0	17721.0	42.0	burst-lca	0.6689135755978158	0.9976355345380847	0.6673319525513086
241	ecoli	84	1	82.0	82.0	0.0	burst-lca	0.9761904761904762	1.0	0.9761904761904762
242	saureus	301	2	209.0	209.0	0.0	burst-lca	0.6943521594684385	1.0	0.6943521594684385
243	kpneumoniae	31846	4	6599.0	5029.0	1570.0	burst-lca	0.20721597688877724	0.7620851644188513	0.1579162218174967
244	kpneumoniae	312	2	47.0	47.0	0.0	burst-lca	0.15064102564102563	1.0	0.15064102564102563
245	kpneumoniae	329	2	58.0	58.0	0.0	burst-lca	0.1762917933130699	1.0	0.1762917933130699
246	ecoli	952	2	924.0	924.0	0.0	burst-lca	0.9705882352941176	1.0	0.9705882352941176
247	saureus	271	2	182.0	182.0	0.0	burst-lca	0.6715867158671587	1.0	0.6715867158671587
248	ecoli	91939	4	88874.0	88231.0	643.0	burst-lca	0.9666626785151025	0.9927650381438891	0.9596689109083196
249	kpneumoniae	315975	5	64453.0	49091.0	15362.0	burst-lca	0.20398132763668012	0.7616557801809071	0.1553635572434528
250	saureus	2659611	6	1819802.0	1775319.0	44483.0	burst-lca	0.6842361533321978	0.9755561319308365	0.6675107750719936
251	saureus	2576	3	1789.0	1789.0	0.0	burst-lca	0.6944875776397516	1.0	0.6944875776397516
